8.28571900
8.88769831
8.97928418
8.16050093
6.59391833
7.72544450
10.40640480
12.18318081
8.46829768
6.95623597
7.20333365
7.73736129
8.38804796
6.13671428
7.78526411
8.78376251
8.76935061
9.21200727
8.47776090
6.56381157
3.83015015
6.61093582
9.03694784
11.22275676
8.97071941
7.43050388
10.48776461
9.50227978
10.09784078
8.26137981
11.96552173
11.58346553
12.83681810
10.18665594
8.84201074
10.79130483
8.77942356
10.03281267
7.70688994
11.04026690
10.91326368
8.59077550
11.16922582
10.71668934
13.00577232
12.81147507
12.52438965
8.87913319
5.17304283
8.93298251
8.59875740
8.58950607
8.88227925
8.14598345
6.94811612
6.85281115
8.52837577
10.06825924
9.32862800
5.48884634
10.88796048
8.76414821
9.23104033
9.03279881
5.38471976
5.10611671
4.65240770
7.65016304
10.86179210
6.78090751
6.15116924
8.34726825
8.87790771
9.08565564
8.86970726
9.07558568
14.13448046
10.54294677
5.27734966
10.24208389
6.54450418
9.97281581
10.54839770
8.84293980
10.62557400
9.77847031
7.93763559
6.82983183
8.81098738
8.65020721
9.16627387
7.55077963
8.87804770
7.93114383
8.58466387
7.38997216
8.26339666
10.63798845
8.63277858
8.33598444
7.69216493
6.85991217
7.26631682
8.00596155
8.16667393
8.58913593
11.11918731
10.46961129
11.62644250
10.54057328
9.19299345
11.18476986
11.07080218
10.92052287
8.60327261
10.02022167
9.48313583
10.08337563
10.23192857
11.52330922
10.03610588
11.04822360
11.12460125
9.08036184
10.40276139
9.08722886
6.99669753
6.96122418
9.74627400
7.39173495
6.32475102
9.39959689
9.50376349
8.78724819
8.94512290
8.87795532
10.09895926
8.93584010
8.67083775
8.75229077
8.60726034
8.88049009
10.08610055
10.31484998
9.50822814
10.15229869
14.63404174
10.37124779
10.91516476
15.43168605
10.81914360
8.53270800
10.23723996
10.41912256
10.65176229
9.29986512
8.55195541
7.80399818
8.10925971
9.25424005
6.52139119
10.09265431
7.99361307
8.26916220
10.81528093
6.28448215
6.43356733
6.26339640
7.14192067
7.86564718
11.02364699
10.33036862
10.49965144
7.77359027
10.04451891
8.46047311
8.87133280
9.18728732
8.01443301
8.47929716
8.35379051
8.84222589
12.09814268
6.92410091
8.05828661
7.02000900
8.54276912
8.40590655
10.69924566
8.00345343
9.36759940
8.66535470
7.19642752
9.02458913
7.66031094
11.47520090
8.94807985
7.14386320
7.11857322
9.31728406
7.59308532
7.84782075
9.46500867
9.77480736
8.69717155
8.63683086
10.00646412
7.89754369
9.74592393
8.32861438
10.24795518
9.29833131
11.11887220
11.17223351
12.05727966
11.80426069
11.79282957
11.01872013
11.06122665
11.15115738
11.22115445
10.14748887
10.63619693
10.98412543
9.01996127
10.53134750
10.42075348
10.77078595
10.85217560
10.14532425
10.13292226
9.99364431
11.27044585
11.36698363
9.77760120
10.45355390
10.67790211
10.81831190
9.05099523
9.36694124
9.56056029
10.84039386
10.13476773
11.75950151
10.67592260
9.00364502
9.45371591
10.60703332
9.78425857
10.07654368
11.77863655
10.43597767
10.46726254
9.44446561
15.72120033
10.72732902
13.83843608
10.47143469
8.61065913
9.27342694
10.40742356
11.51014119
10.14417159
9.33055976
8.99652214
10.23358783
5.52820386
13.62124821
9.41170938
11.31062866
9.89850051
15.06938696
6.26471478
6.85445010
6.92860365
10.71535989
7.59605936
15.47735679
5.93944886
8.01348643
8.89259398
7.97606207
8.07245112
9.92128859
8.16883887
9.95358295
10.90457563
11.58662290
11.80628387
13.41368245
5.99520209
11.51814729
11.78215378
5.47371705
13.03424723
11.91081736
12.78056216
10.43673049
10.30460686
11.67235023
11.57189006
10.66624609
10.56032446
9.52399951
9.46145173
10.04010442
8.65503219
8.50395492
8.35195348
9.63515467
9.40560600
9.86856744
9.66056730
9.22144863
7.02441905
8.85257018
8.94714378
8.49640321
9.99568601
9.46345755
7.04127653
11.28522681
8.77288435
7.50793988
7.82513516
8.67643252
9.09811511
8.40901957
7.95932200
7.67659397
5.33757492
5.85546432
8.45240152
9.78505724
10.57668643
9.97950823
8.88654747
8.97136336
7.20039623
8.02002324
5.91017103
7.72104638
6.43012492
6.42353852
8.97349946
8.96668484
7.91067487
6.86126276
7.08323163
6.84594668
6.07412457
5.68258918
8.79504831
9.82507604
9.65550322
10.66073352
8.34475500
9.86437101
7.95892152
8.68488681
9.39504133
7.62710158
5.73646755
10.14858531
9.54325796
7.75330317
7.27579958
10.06614866
12.40938301
8.71688169
8.88294091
8.02152217
7.43748745
8.30303966
11.15316310
11.39491646
7.04304865
13.85220502
5.37484778
8.41129139
10.80989587
9.09208313
9.58936427
7.77814285
9.18325360
12.18698074
8.45105837
10.09104704
9.61136242
5.51973506
9.81302258
5.13985525
10.81656338
8.74585699
9.41599503
9.53468621
9.97591354
8.65345976
9.66363196
7.60015017
10.05064344
9.03835292
5.57571693
9.14599039
10.09321107
10.78889482
9.87242138
7.91214936
10.86481055
12.87640144
12.42885754
9.48786861
12.08458661
13.66153007
13.46913681
13.93164419
13.66111513
12.43373590
10.25237132
13.47870904
12.12790399
12.18030922
12.65358054
12.62406809
11.96653665
8.46983128
9.61984647
9.22650303
5.53342694
8.75684072
9.22413275
9.14887010
10.34227272
9.72659251
7.53770424
8.60547398
12.20415916
7.58439295
8.34958968
7.41915032
7.25642790
7.06504675
7.74883308
7.23559211
9.59271303
7.15956220
6.66552141
8.78542010
4.87126894
6.70574047
7.24975670
9.26564472
5.65814453
7.26245606
6.68167717
7.67437336
7.33920712
7.64032257
6.54080966
7.27154838
6.80046901
8.26517893
8.11915140
7.68450049
7.57959953
6.45343256
7.71391112
8.44559483
7.47305609
6.62353291
5.85333414
5.73691280
6.86685691
6.12954978
9.02685719
14.06920373
8.73826168
8.72186403
8.75626922
9.01453699
12.64884381
9.53202023
11.68307497
11.21112640
12.48568616
13.02822277
12.11969021
12.75842840
6.59286070
9.42106362
7.65578490
8.60164824
6.72717712
3.66025049
7.91707006
8.22949631
6.88285151
4.55444900
8.92264647
10.80330424
4.79587233
6.57878802
9.45610981
8.93752435
5.91896027
10.42759097
9.70925274
9.63089542
11.15562203
9.31347150
11.11676549
9.72855577
11.18326812
10.52939363
12.83005599
14.20547390
6.84404011
7.87617151
5.86996976
7.73778321
9.68200432
8.68819082
10.84202334
9.62121435
9.51127694
8.32514558
8.38675390
8.52320009
10.00669554
5.69552649
8.25328412
10.06159764
9.52361466
8.81298534
8.17482059
7.70365078
8.45518912
10.34013764
9.14419340
7.88120325
8.13357325
9.49560629
8.80534926
7.09160424
6.48700345
9.02868559
6.06023571
7.64771498
7.79385065
7.41954677
8.68684175
7.46005944
7.60942124
7.47902069
7.10944371
3.85516364
9.28897371
11.57266304
13.49293427
11.49071069
12.17804150
9.88243497
12.08892760
15.24508378
11.19846215
11.92226896
11.69975526
11.68768841
9.01129115
8.72806868
7.44302615
11.88264886
11.60586853
11.95537385
9.43530082
15.75844699
9.36629822
8.95064779
10.15728859
12.03051749
8.49955170
13.06405193
7.25390843
11.77444762
9.01810073
10.31924158
11.59425735
5.18315375
12.12887811
4.66744473
11.18817477
11.42140508
8.79062417
13.41700973
11.35967118
6.65349783
8.61776179
9.45285674
8.93574195
10.78355330
8.31460770
7.67934355
6.91300025
9.06682003
8.18781344
8.10342219
7.79854313
9.05447679
6.71503868
8.55099502
9.75343481
8.63179969
6.78249730
8.20944411
7.46527994
7.01902801
12.13980787
11.59987583
9.82979930
6.66672275
8.97094499
7.89224596
9.52772362
6.72272007
8.50555898
8.38540218
8.26684352
8.64429299
10.55620462
12.95310787
13.04934266
13.93541300
8.94486447
9.27526541
10.60427516
13.12024395
10.55214358
13.14778996
11.15642103
10.81630060
14.25548773
10.64292223
10.81443876
10.92009954
11.20081338
6.51121451
11.09688003
7.96635853
12.15104455
8.20785064
10.65059397
18.89715601
18.01350702
20.30812214
19.25485234
14.21249045
9.77220724
10.05138537
12.33992262
12.21230865
11.73155312
11.92653440
10.96067776
8.79290025
12.11596316
12.45595824
12.49557698
11.14341016
10.79773921
8.41093236
11.85558350
12.36644979
11.33547782
9.43519476
8.18429577
12.81513932
12.14436830
11.30565045
9.62548380
9.06846398
13.11022980
11.07756506
11.16156793
8.64231804
7.92932701
8.42966460
5.27864105
9.39338820
9.35612521
10.33863872
10.47338029
9.71728821
9.58172402
2.96683527
10.20679219
5.33336458
5.59734608
6.09236314
5.52797683
8.87910814
6.33492904
9.71922770
8.99361446
7.95460713
10.95476409
9.29547726
7.70063108
7.58580739
9.28666166
9.67059182
9.17364998
9.34666090
7.64856922
8.70627307
8.60381170
5.62624157
6.80664981
8.27362888
7.75073857
8.20790903
8.54383954
7.66728253
8.68489603
5.51304625
7.92639739
6.83114490
8.82238019
8.10604147
2.32996875
8.73842637
9.79720778
3.85537001
7.90644011
7.82301859
10.74227943
12.08892913
2.44351313
7.88852035
10.04767208
9.28057461
5.72408443
8.79457704
8.37726382
9.19702883
9.21303125
8.41099533
7.75249651
10.07799426
9.32298833
9.53699387
9.09518984
9.92111310
10.54311440
7.84581429
8.67360757
8.84102965
9.23098461
7.76541349
10.87251542
9.90367390
10.81078473
8.38423136
8.33263870
8.45137113
10.29731414
9.27510157
8.95871186
8.55676723
11.22784972
10.61101370
13.22901341
13.00308388
8.61783563
9.98462838
7.47608993
7.18849383
8.29534730
7.71842359
8.70960814
5.50338376
5.85169810
11.24085218
6.31259501
7.74399415
5.53506923
6.81710434
11.01806253
4.74633935
9.27678683
7.43726221
7.55334086
9.33694963
9.77387049
7.64256370
8.88806378
9.51944195
8.78179334
10.24605772
9.36778800
4.98309288
9.31193564
9.52661165
9.08196779
10.29801607
7.79888784
9.05938012
6.54399123
8.36780957
7.62682450
9.69508647
8.91291026
7.43583812
8.73792828
8.29411375
8.48579434
9.20317492
8.58027698
9.53866393
10.51205576
9.31427596
9.06314811
6.88815284
7.37835522
8.45202676
7.03403211
5.07395603
6.53980483
9.49661388
9.08093954
8.89580988
5.57618067
9.59066648
7.68545084
8.44918990
7.58326036
7.36562563
8.55120795
10.61307610
8.97773725
9.59355508
10.44162447
9.33946618
9.19282500
9.85958467
8.80960084
8.52468983
8.93318047
8.10156475
7.12930045
7.40172103
7.02417727
6.94749618
6.44414059
8.33645836
6.87003949
7.77671193
8.86544811
5.63514545
8.74712555
9.52476788
9.16250221
8.14335395
6.98277345
11.42409157
8.53679800
7.56598487
8.96588438
17.18631720
8.69483546
6.94899227
6.93515142
4.25689454
8.72684018
6.63253424
8.02586064
8.22381297
9.16730889
9.31706972
8.69737724
7.51346783
5.67178192
7.27610847
6.81078195
6.08702676
7.91075396
6.95579281
7.37376134
11.29627527
8.10230690
8.05795410
7.89878739
8.05644543
11.42719683
7.24245045
9.10577140
7.48448835
7.49580504
7.95294591
14.95978871
13.31276351
8.52564946
11.62706198
9.38496750
9.12594057
9.20017069
9.56370812
8.01400882
8.55830098
8.00194466
9.30575521
8.62281544
11.83095538
8.76205685
8.81175558
9.19782696
9.98918840
8.58699802
5.51476397
10.91737034
6.93255097
11.66449552
7.07690677
10.36355664
6.23363067
6.45982150
5.88902742
5.86295890
8.24629718
10.89866003
10.06778001
12.71301964
11.19263693
8.64358649
8.49123910
5.96994214
8.59324610
9.25241728
9.55611523
8.35063587
9.90628509
8.24496340
6.91367821
10.59574587
10.41841268
10.50287705
9.99747733
10.07175817
10.63069229
10.61636980
10.80486343
7.94963445
8.56761069
8.10932132
10.58960745
8.06238157
8.93544270
12.50277610
9.54069822
8.13457998
9.80773795
10.92256901
12.40707559
7.27510102
15.21926448
10.79201573
10.70490666
11.88606750
11.70922475
10.56372688
10.18953571
9.97652617
6.42130645
11.24174840
7.54194736
7.72405319
6.66480439
11.09252532
8.21535672
8.46235691
9.00019058
7.90657861
8.52285485
6.27532391
13.16868998
7.19267883
7.57430071
8.13003347
8.42306327
11.18608992
12.19117953
6.65411941
5.99972946
6.87454779
10.45958377
7.22324587
12.16666673
7.06470070
6.14105238
10.92294403
9.44690440
9.53676417
7.55159031
11.87420632
12.21891193
12.00437066
10.27916711
13.07378780
9.91974877
10.41734299
11.29047389
10.54558949
9.08889412
8.77468591
10.21537005
8.02182708
9.31592759
8.87816374
10.46338270
9.45889652
6.50601713
9.22861695
9.19051857
7.64682344
7.63612516
10.19644102
8.28578179
8.00940160
9.07443857
8.08404099
9.35999304
10.37057221
10.21149252
10.65438172
10.00922247
9.27243776
9.76144522
8.02964392
11.44626937
8.14827573
8.77335327
11.81817792
10.60639792
11.74534179
10.70645388
8.79810487
9.65880399
8.53510212
9.11136162
6.92149227
10.04036965
10.64145708
12.80124261
12.78593662
12.45048882
15.71620912
9.62806478
10.42595624
9.84190035
8.65585595
8.33997098
6.61081726
12.07014687
7.17533559
6.92610334
6.95007504
5.72794860
5.99742681
7.22650013
10.57484469
11.44711829
10.02841439
9.35088124
5.93823479
12.66091814
11.75686755
9.80036603
9.55302879
9.77699943
10.32124187
2.61812959
9.31183692
9.94120233
10.28373544
8.24157689
8.50613265
8.09672856
9.04810714
6.51431043
8.69950575
10.05902631
10.92282125
11.23824971
10.66817823
8.01833414
9.42096939
6.90765709
8.30982481
7.67797055
6.48691931
9.38265775
9.41790505
7.09287396
8.22715997
10.60942825
10.69639408
9.22636211
9.45841488
9.13541780
7.64647088
6.18978186
6.69520908
6.45854889
8.98433265
8.25613982
8.69969956
10.70218144
7.64111280
7.82759409
7.99477432
8.83154324
9.41981385
8.00922983
7.87478035
5.86132846
8.67060965
8.51962499
6.88317834
7.58116157
6.18038417
9.10617253
8.75104003
9.78962732
10.64479645
9.59363293
8.65132833
8.23055524
7.18356928
9.42846744
8.43285094
8.04827993
10.94970943
8.88853798
12.58962158
8.95782143
9.83416077
11.02637874
7.44601094
11.43104599
8.52776964
7.80317680
8.15524711
7.45154175
7.48732194
7.22457813
10.47815221
7.38968166
8.38469007
8.79813048
9.05752663
8.42708893
5.86244916
6.08749670
8.79921461
8.38546554
8.49156158
8.04772326
8.27134693
8.33451742
8.72279721
8.59516082
8.66756047
8.23454952
7.85963121
7.20522035
8.44566193
6.90373987
7.75590165
8.80471584
6.78073271
7.69339150
6.06531537
4.80353241
6.95915807
8.61233122
8.42804703
5.70980013
5.81238658
8.41647778
8.33641063
7.29322345
8.11539947
8.50982927
8.38547796
8.18351086
9.09977517
10.76081330
8.35521401
8.57958130
9.81332713
10.00203570
8.44877173
10.42312628
8.22239684
10.46340744
11.15963578
8.77474708
9.01927415
9.79813886
9.88641664
10.24942715
7.98947896
7.86340292
9.03774600
8.30737470
8.91047979
6.92522385
9.07180255
9.54119503
12.72926106
9.95345796
8.21461966
7.20110522
8.61586322
7.20641156
8.47004505
6.48736415
11.05153597
6.78831286
8.98761691
9.15402486
9.29705318
8.29508565
9.55243896
8.04868701
10.76157530
10.17640554
10.37220627
10.33037238
10.77845432
12.29510455
11.71707471
9.97094941
11.41547775
7.74033022
14.96715906
7.73108474
7.23170923
6.66319962
8.03496270
8.24361104
9.23618077
9.82041794
8.46229944
11.83499929
13.19738261
13.06743253
7.28777872
9.24001843
6.00615691
7.03376771
9.19799756
8.61125531
7.62630094
7.91990843
7.33538472
10.26243493
10.67945902
10.02238497
9.88907769
9.91978237
11.19476802
11.64476856
11.21921777
11.18700547
7.14291897
6.83740615
7.36184722
12.35154803
10.29860372
6.58991033
7.82429377
8.13473185
9.04485084
6.31992061
8.55880996
9.26996890
7.83296025
10.26410193
7.18636467
5.79590690
7.67025858
10.64768446
9.57463060
8.07795284
8.44630858
6.84748250
8.21327505
7.85271728
11.38487820
9.38086052
8.86441434
9.66157009
10.42636661
14.91660318
11.12595067
10.46066015
10.28476054
13.15004213
9.69574669
9.10106853
10.84872889
8.07677266
10.16839726
7.14687428
10.33777838
10.27666915
9.73170554
12.36139669
9.88654703
9.79049870
10.72462210
8.85927103
8.37235257
8.76934441
7.13815821
8.79202310
7.59662228
10.99918311
9.97633565
8.94826598
9.96714708
9.44217126
6.04955561
8.38981599
7.46047638
8.83197403
7.91818486
9.15804382
7.31426581
7.58481660
7.27280708
8.48903246
7.08525685
8.85224988
7.22864084
9.24048589
7.87538521
8.09368153
6.29937210
9.36825594
7.28974732
9.25248631
7.39262104
10.72904588
12.64930235
12.73732047
6.82357023
9.72763931
9.90470440
7.57116195
6.89685180
6.63835139
6.46421538
6.78014679
9.02313659
8.14628290
10.30016166
8.54472659
6.92139305
3.83837122
5.73554435
6.31984209
7.50135913
7.16741501
7.45641160
9.50863913
9.12384022
7.90327029
8.45095494
8.74757964
7.93586074
5.94801467
9.73978451
8.76252014
7.36202956
6.14422620
9.03213081
8.82492390
10.13827114
8.79905032
8.20856756
9.05936024
8.18114137
10.66842677
10.52302118
12.22439244
10.18154527
8.49081916
12.49914006
10.57052343
9.26126447
12.93610039
10.77877489
9.58866145
9.17860747
15.25008147
11.32064483
6.95738503
9.65468773
10.89981995
9.94765238
10.92505588
9.83814173
9.82348655
11.12730090
8.63179339
10.48812928
9.62340147
9.46688567
8.83184357
11.81380364
7.42577309
6.52737490
9.54506530
8.66088870
10.91987201
7.85619422
7.73855280
9.25417306
9.36927897
6.64461828
8.59627517
8.63208771
8.84331844
9.45639892
6.43326306
6.72775909
5.79753141
12.31695485
7.23071722
8.36735073
7.49399537
6.87094824
9.55754282
9.19639928
9.29578317
8.96209903
7.42197391
7.75673614
7.52284893
8.39881453
3.48480742
8.77866621
7.69211450
5.73028180
9.03292085
7.19454862
10.74412643
8.42800557
9.57576103
9.26596605
9.74935586
10.32143903
8.72410177
9.03582284
9.89346776
10.06422354
10.93983837
10.59686712
7.07025347
8.17631426
9.15460721
7.85041396
5.94082928
8.81763852
5.35640772
5.58864098
8.37362170
9.40265919
8.43394070
9.05224391
5.14508612
6.99188852
9.13561242
7.76911958
7.73721977
8.02152707
9.12763540
9.06400309
10.76508800
4.79119152
7.65674170
10.56263300
11.18201052
8.92771967
9.03754272
6.77288740
8.51350214
8.79671442
9.60480508
8.44157363
10.35973438
9.81891759
10.28899894
7.54733985
10.06189102
10.80183859
10.98148762
8.02671520
8.40631608
7.49384030
7.68084716
10.42807449
9.86927215
4.94052891
10.98446947
8.05817399
8.71478393
8.71965309
9.99460694
8.69180868
8.47185968
11.96930075
10.73313108
6.66008179
8.02075112
8.79975871
9.26119547
11.63093914
12.30572593
9.62977988
9.78024161
7.79875406
9.32336421
11.01408774
11.38098685
10.18449598
10.27358396
8.96748240
9.03948749
9.64624754
8.64970689
9.15542038
8.33226245
11.86331024
14.11128475
10.04763831
9.95084848
12.43792814
12.19121867
13.87344836
9.85276791
12.20997141
10.94640409
13.61147263
9.27087011
10.25096678
8.07905711
5.83460103
8.92958624
8.68788659
8.73957002
6.12972882
8.00045364
8.29713678
7.14468238
9.31849065
11.78389596
11.09250710
8.58850348
7.99329955
11.77383344
10.97038027
12.86460201
12.37291569
8.23445071
9.53836465
6.58258798
10.20285710
10.22042581
8.83685711
9.70307106
8.82626589
9.08338909
9.31678050
8.23093674
8.10796687
8.59130334
8.68744376
9.69320783
8.92076591
9.33660160
8.69841842
9.45577600
8.69947599
8.66915589
14.17345373
7.77206761
12.58450540
11.90466941
13.64555178
8.16754863
6.59993888
5.92388192
8.56545659
9.50512608
9.06546927
8.19209508
7.84890507
9.13573182
8.74165933
6.71228351
8.43235142
7.53480374
8.25074315
9.11702211
8.81314127
6.89071901
9.20898690
9.31062273
6.54021440
8.15860479
9.83255982
9.59774842
9.19794050
6.64403485
6.64061803
7.04722427
5.39859552
9.12781113
10.13776261
10.28293393
8.33959971
8.71908411
8.86804392
9.14605994
9.05466903
8.67544373
6.07768121
9.12537811
6.52494646
7.67571482
6.79783406
9.19675220
8.21862672
10.26709852
9.41314997
9.87350105
11.41611945
11.24133141
10.27264400
11.58404622
10.77281012
8.60361103
9.32473320
7.74296262
9.11225283
9.74317051
11.67720093
7.78219588
8.07765983
8.17519302
9.13882575
9.71670148
7.19853758
8.21523271
7.91454736
12.87237101
15.03969721
11.19656041
11.75251210
8.37610372
7.85911065
9.20567566
8.54671293
9.75926859
9.54276728
7.44210670
6.79488435
8.68318408
7.69134387
8.69204909
8.34206488
5.77484437
10.01959870
8.92633737
9.06597859
9.99134627
6.38146948
5.69517718
7.26126046
2.51781647
9.36567294
8.15007437
9.21372855
8.40221898
8.27388423
5.59501156
10.58776427
9.96922377
10.61095500
5.86738432
10.42048722
10.65812421
8.57888192
8.70513409
8.54296743
5.31256408
16.53491493
10.73457502
8.12551844
10.54291896
10.68098526
12.49708082
11.75681167
8.93098102
7.97236468
11.10819586
6.24040554
7.35527840
9.60565639
8.45681065
9.41664958
9.37809619
10.51173816
8.24040929
11.17039534
10.19823927
11.29472081
9.71602674
9.42007985
8.55393205
8.15620519
8.83445093
8.14941607
7.43372312
8.49759550
7.52304788
8.26473488
8.75336884
9.16429501
7.06745068
9.47789039
7.72093439
5.18651468
2.69463450
2.40038143
8.36769252
10.18743820
7.82073673
5.65935847
3.98172505
7.48032360
7.99356910
6.22103512
6.30638778
7.06302616
6.88361448
7.58478181
6.85486609
7.22980712
8.59997935
7.82317618
8.72214530
9.05909592
7.19100680
2.88952952
9.00553891
7.24433413
7.24050602
7.48983005
7.24031902
7.82505975
9.98950811
8.93932813
5.14283720
4.69029265
6.05433247
8.48638771
7.53569843
13.87107684
10.92464063
7.70756728
6.95014952
6.87708429
9.09337535
10.19221318
10.09438784
10.90601910
8.57578510
10.21971174
9.83660654
9.86655708
8.70731066
7.83315800
9.71486966
6.98812748
14.49509924
5.48802992
15.14131649
13.30895151
6.77106760
13.21083140
14.96401830
11.92906719
6.49494035
6.90449258
9.00811397
13.22784542
8.33980853
7.95080898
13.33997251
13.24656199
6.55424914
7.93530591
9.65376645
9.43222520
12.57128767
8.40730410
8.03120720
12.78730886
2.56116752
7.77690423
7.50603889
9.37171280
9.23475182
9.91122162
8.25759593
10.06908633
4.08347472
5.87832190
8.50781512
8.20912230
9.14849071
8.26782651
10.88287115
10.68746406
11.06933607
9.56049909
9.40976697
10.52039769
6.91900304
6.14143441
9.98570272
9.26169065
8.65169760
8.06882675
9.10138869
9.55311556
9.51452695
8.55978825
8.09335312
9.85184155
7.70584291
9.85116575
9.34241924
8.61511977
8.85288982
8.28656187
11.09992204
10.43969227
11.11927521
11.16459575
10.68437928
7.50015464
11.71556663
7.43083470
12.21218200
12.20276486
8.41257597
10.33265558
6.87324754
11.55872125
10.98390118
10.43203721
15.28868078
12.11273033
10.84009136
11.68445265
11.06107304
10.04675378
10.97885375
10.64449739
10.93185695
11.16965362
10.00244549
10.37980495
8.82226646
11.58492992
9.58032193
9.88291309
9.64742105
10.02135927
11.89157943
13.66363803
8.56803292
10.02385374
9.95372275
15.38194237
12.10635013
16.41158096
13.05910193
13.28738232
14.66327065
10.24648403
13.21804610
9.78994505
8.48639432
12.75210745
7.82934776
6.47492347
11.16803360
12.71445100
10.23327428
7.93124222
8.32848032
10.96887227
10.11087943
9.57865239
10.48880419
9.76563716
9.68066302
9.81317854
6.95983626
10.62659032
13.63281143
8.12857315
6.88584837
5.32322125
6.66315922
4.96323742
8.68991734
8.92662052
14.04477170
9.69050941
6.46445235
10.92119545
8.56077190
7.18371790
11.13007490
10.45904620
8.99466632
12.28707696
11.10764768
10.33845050
11.39247027
10.72176871
10.86120841
9.81980089
9.23611382
16.43926550
14.37710197
11.25980625
15.21209209
10.08984770
10.59612549
11.32075392
10.91576273
9.64391774
14.74731193
7.66636628
12.35301204
10.77052930
12.81719441
12.66331411
5.97355631
8.44225884
8.27726288
8.70758391
9.04982802
7.69724330
6.95459290
8.32632569
8.94282144
8.65112796
9.02121296
8.52419635
10.40749783
6.93163227
7.43185311
8.73586841
12.34279565
11.35797207
8.24696695
7.65420853
9.50373425
10.32824931
11.48958243
12.37407541
8.65723594
12.58870809
11.67579082
8.74705108
7.86755455
7.67055927
13.71161876
11.00685041
13.69528589
7.76930568
9.19813101
8.69869462
8.86031617
8.63046052
9.20345335
3.68282653
10.58785774
9.57894705
12.74872066
9.62925537
13.63270232
9.32615364
8.94815770
8.65175510
9.32712923
8.76678599
8.71984836
9.33422948
8.89219670
8.27962556
8.21157742
9.64207586
9.24731986
7.22679886
9.55771460
8.36858597
7.58595326
7.45577821
7.81983292
8.77199686
7.65859560
6.73265584
5.05360507
9.23814737
8.98531466
9.32323974
10.10650302
8.09060281
8.85498957
6.15144294
4.96346076
8.57806964
8.25167362
9.38780136
8.30729657
9.09124949
11.49714923
11.08094987
10.66168657
8.85016620
11.11112633
9.28385278
8.43188598
4.33012230
7.17594093
8.82649690
7.05846621
9.58243604
9.15380829
8.88611025
7.85391500
9.15237650
9.61338628
7.35631869
10.10703804
10.37546043
5.61466417
6.14017253
5.67154071
8.60431492
9.02006429
10.82076113
10.55062829
10.85168096
9.90785426
10.19824101
9.03819757
9.79828346
9.81257000
8.51291368
8.04799189
7.78383965
10.95694929
10.63286052
9.32486809
6.16194779
7.37257482
7.63996838
10.91269106
10.54992531
6.20738981
8.26034163
6.72202568
6.90845731
7.48973681
8.50846761
8.10401630
8.22676500
8.43714404
8.07709591
7.34477384
9.33613057
6.95997650
5.33437164
11.11585120
6.18303632
11.77237874
10.02742317
8.94890123
8.55963998
10.14043369
9.63703740
11.13667357
12.05731385
8.97447454
12.79588124
11.45445829
10.96727013
12.53036057
10.49627113
11.36211550
10.65618761
9.66393764
9.12109718
9.54128443
8.94571448
9.39449083
9.54729102
7.20656077
9.39624777
8.81762812
11.69162059
7.71662072
7.93177348
7.72259450
8.67781453
8.51446871
8.72150790
8.23114044
9.71664060
7.43826754
11.64091558
12.86351141
9.90659670
10.09956137
9.95791033
10.72356261
7.50117718
8.34045769
6.24844744
10.25175994
10.29186355
9.22002752
8.93744942
8.48817930
8.51198880
7.98254599
7.87797147
9.31454049
8.13817470
7.62560159
7.40037244
7.31221534
6.74544845
7.30300433
7.72912315
12.26859897
12.04903941
8.21656411
7.91619095
8.80645161
9.48234376
6.32087076
9.57277810
6.98345535
7.92686435
7.53870473
6.53757080
16.63925610
5.29817145
15.71979909
6.75219220
6.77516037
7.11580084
7.41035605
7.25484304
7.96413897
8.40739052
7.29022096
7.49330440
7.92153734
7.54088180
6.82325819
8.74636811
7.35665156
9.70030478
6.32662357
8.27394923
10.41342765
8.60294359
9.91080822
9.19818685
8.14518287
10.68338499
9.02320393
9.18866233
9.86439081
9.24508060
10.98610122
8.59988255
10.10586233
15.87318962
9.48222879
9.49487526
10.03602760
9.57205844
10.06823960
9.83473126
10.52925050
4.26292452
8.74016098
10.32903877
9.52233130
14.49470694
9.84702234
8.29010856
9.39235945
8.57164782
6.96953018
8.90613075
6.65219443
7.37252497
8.24543659
8.96195810
7.44441053
8.63980478
10.30194581
9.54796464
10.00443501
9.22937873
7.82362443
11.02999763
10.38373458
9.49523911
9.38309407
5.80228600
7.58287303
7.74977898
7.90582509
9.80338717
9.29606503
9.09726600
9.12683811
8.81260431
7.87197210
8.25806320
8.23721029
8.53703785
9.63739443
8.60970045
11.40295515
8.17282387
9.33524248
8.20376269
9.08304789
8.56891139
8.10685103
8.93549739
8.38081203
8.07769045
8.74048818
9.40705626
9.21269930
8.81556880
8.30861390
8.44777365
7.97530747
8.24597897
8.48486820
8.51638018
7.79008242
9.19598889
8.10959092
8.49941763
11.26356552
8.71316481
8.71175667
7.90000226
6.22838505
7.24556311
8.51616750
8.32502632
8.60381666
8.72794179
11.55389489
7.71452753
8.68229648
10.00431842
11.68428113
11.79093540
11.48846288
7.19963115
9.09152581
10.35883384
10.04234109
10.50266610
10.23209841
11.21810542
9.92383559
8.66759836
7.49288201
9.15580931
8.66912087
12.58591525
8.45963164
7.97058811
7.56559778
8.96730307
8.72188393
9.48684118
8.75115959
7.60901256
7.28070744
7.18029949
2.95585983
7.13261176
11.08903043
10.48189783
6.34943871
9.29902203
9.82106734
8.03202574
2.15608349
2.57880766
12.03162824
14.06600747
8.66553488
4.25303895
2.89064591
2.72616181
3.24305312
10.34807941
11.81131716
9.02879648
10.02420564
10.37420614
4.81571357
10.09495633
13.85354378
10.04839224
13.98738391
10.60544867
9.36436511
12.12303355
12.57241230
9.16365159
8.07484538
8.52055165
7.37662230
7.24742307
6.22296273
10.67693065
7.40792808
8.94502880
7.60363265
9.37205677
6.59070624
8.61708553
5.60878564
5.19446780
5.32004621
8.97721655
6.35484972
11.41285620
8.93370529
8.56972609
7.24865889
6.42141085
9.72062610
8.43243294
7.68166573
7.36336144
7.17530386
8.84895419
7.57915145
7.01416559
8.53999409
9.03157524
11.05046496
7.37594362
8.31717279
9.46899682
11.05126569
4.99464348
11.00561557
7.53468957
7.36405733
7.73093449
8.26505034
5.96846362
9.37867414
7.75292875
7.52995505
9.37925050
7.11783161
9.43774006
8.84251802
9.21282339
8.79679427
9.52344404
11.11736001
10.58393241
7.97195399
11.52354811
8.32591999
10.47541370
7.46111616
7.62019311
2.80192362
12.50158504
6.89406139
6.90293349
9.22567379
7.24255750
9.80296849
12.73453059
11.33323145
8.76765896
9.03657531
8.18952858
9.24205972
9.53055742
14.60207117
9.11081845
6.76111764
5.83926743
10.03616424
10.71893793
2.52375215
10.39257124
13.09375154
7.54499079
7.26741505
10.42428342
7.47864490
7.27861935
5.67942039
5.84344635
6.89086052
6.76822323
8.47867843
7.68438047
8.85185395
11.48915880
8.86504172
10.08016098
9.42472900
10.01281654
10.75518807
8.78407375
8.86830987
5.66254280
11.30343057
9.84137062
5.55909030
6.18877133
7.24741415
7.68315598
8.64538794
10.05377057
8.65231114
10.82465604
10.73335445
10.61148999
5.46719609
5.30440835
10.05504063
6.31924738
9.34712280
9.80122508
11.11390010
5.54185229
8.80264298
11.50344052
9.82857457
11.62174963
9.87562203
8.68493679
9.72428388
10.49515675
8.51829285
9.15119814
8.87112725
7.97273602
7.09871937
8.50186269
8.43083804
9.22575393
8.98531207
9.06406065
8.89213279
9.56736261
8.56268106
7.10989654
10.56607964
10.32782883
10.27305741
10.15823423
9.15312300
11.37924406
9.92482141
9.66205536
10.65981929
10.29015838
10.18867551
11.16883788
10.71258173
9.43855992
9.52671019
8.47543857
9.20137334
9.00451575
10.69877705
8.06685208
9.99912531
11.00944883
12.52936551
8.40452517
10.52080093
8.08875765
9.52230468
10.51461568
10.46356677
10.65700144
11.28605399
10.00089464
10.93974668
8.98846322
10.54401173
10.08537931
11.36768187
9.09285842
10.55107383
7.49866422
10.41264483
6.07631123
10.19753389
5.73125242
5.70075280
8.58054645
8.33653738
6.54555666
8.38042697
9.75513312
8.46243552
10.20087846
10.27506131
6.48336491
6.91935770
15.71706187
4.26826730
10.87372197
6.19034759
9.03287182
10.21884266
10.59453830
8.46417897
9.85676587
10.88640257
10.05558046
10.42460805
10.63548130
8.19693462
8.35437697
9.31292715
10.31568954
10.79341194
10.10670871
9.80031090
9.45359608
8.91436613
10.59599510
10.34445100
7.50452877
10.48171280
7.46595263
10.07696212
10.32422270
10.39466222
7.88886900
10.39231904
11.16564609
11.18290031
11.20678141
10.63872397
8.55100122
11.52529986
10.92332437
9.58260713
11.86247701
8.45544179
9.80856476
8.90639224
5.72767602
10.62334167
10.45879413
10.23703792
3.86758498
12.11991296
10.77423920
8.75698075
10.84265846
10.36007985
9.30320342
11.65702056
9.93652153
9.56782220
10.77383828
10.19240304
10.46844115
8.88128032
10.48206216
12.42754660
13.47031083
4.76189881
10.89067382
12.59984464
10.17195660
10.76779545
10.88003896
9.61581252
12.74907387
11.18698668
10.90718974
11.09477327
10.00885047
7.05167144
9.36790772
9.50850210
8.44370543
8.64679014
9.30532898
9.18572095
8.96815423
9.99304322
6.98512604
12.86480572
14.39920768
10.57454468
11.48957064
10.61743687
9.90085822
9.45848176
9.70518070
8.93356375
9.38254639
9.31381038
7.94154838
6.96994123
8.16757977
10.14124337
5.19229849
11.28653558
8.54495070
10.27390289
5.32829181
5.68809602
5.30271557
7.17312033
8.33909118
8.56530143
8.07888389
8.02215873
11.29222079
11.36239213
7.53054072
11.77684328
9.33347651
11.42117533
11.04573741
9.52168896
7.03871019
8.54385072
11.02192684
6.33202563
7.66259891
6.46547160
5.44168265
10.55522165
6.01834058
9.25186333
9.15692540
6.01325828
11.08341824
9.54254936
9.33806385
8.60375005
12.15417751
10.45028443
10.93388146
9.88510901
7.44149873
8.72604870
7.47692669
7.52112927
9.23259066
8.29926328
3.71328349
8.66401751
8.02822406
7.20161736
7.23694811
14.25263575
4.93876058
4.81221318
4.05181287
6.60175502
5.84136739
8.81036919
8.84468945
10.00797320
8.29316464
6.57378487
8.55791927
6.56421295
8.02405075
12.35116275
5.48261664
9.59741695
9.79528388
11.60319808
7.04604989
6.67351779
8.16872885
6.28864663
6.42997494
8.34736871
9.99896779
18.17074546
18.77169538
12.65469156
7.98501538
8.89477696
11.05809189
6.80874698
9.33114711
8.84422017
12.33293720
11.71416009
14.01217487
13.97320275
8.94692983
13.99674905
13.24881475
9.29386530
6.74356917
9.12801055
5.91416048
7.07754389
9.76451185
9.24498317
10.16940567
9.08642637
8.95829999
9.20468133
9.35438588
8.14786408
7.34816211
9.29617904
9.27608390
7.65269943
9.19664390
9.00075837
8.59342057
11.14285519
6.48130830
7.88458782
9.00999289
10.70689502
8.84484297
8.70445011
9.71109606
7.22598580
7.94832705
7.36017259
9.72352446
9.34780939
9.78170994
8.98490532
10.63754574
10.29644456
7.99260864
9.61428099
9.03203654
5.88601359
10.57051381
6.24748708
9.31569089
12.22520099
10.03330512
10.09397358
9.40972591
10.03008504
7.44713596
7.98881391
10.83277638
7.26735342
8.82242315
8.57478297
8.09104801
11.91195756
12.34671112
8.73807435
13.44317769
10.52666680
6.20251774
11.70936706
8.83161408
8.51378550
8.47813604
8.03726395
9.13475056
8.72798071
11.15551258
13.88611502
13.59313295
15.06396532
9.55984477
7.43019822
7.25986939
7.04052138
8.95804736
8.83544070
14.08494305
7.60069886
9.74833894
12.25591233
8.90069858
8.72646818
2.45353796
10.44371401
10.49582860
15.82797490
14.10061660
9.88669272
9.67768413
16.02875298
15.66397986
10.29906267
8.49097392
10.55886585
10.21606237
8.26933725
7.86063081
8.57425086
7.20778751
9.30433689
7.11940608
9.33456840
8.50255646
8.64374135
9.42271183
7.79270356
6.94268525
6.76564348
7.56517942
6.69430508
6.45390265
8.07001030
6.37764872
7.94548582
6.56851986
4.89703932
7.82729654
6.77607384
8.25266839
7.72594561
7.43078538
9.79772526
7.54566498
7.37734428
6.48460775
5.72912925
7.66994669
8.68715689
8.70680406
7.57964871
7.87599428
7.68627988
9.54918996
8.69909956
10.61187640
12.07043330
10.56377668
10.94616203
6.85066555
10.52073624
8.74394970
9.61858413
9.29075047
9.05973575
9.88515827
9.69787383
7.69309724
10.97749029
10.34671039
9.83648461
8.54730791
8.84563847
9.78097784
10.22342863
10.40277505
9.92296318
9.48553682
10.97428010
8.80612858
10.99320123
9.90246913
10.60162052
10.40497718
10.72987575
10.71768146
11.52801061
9.82436270
10.91335060
10.32011775
9.58952768
14.39670586
9.54742265
8.60816041
11.43155624
13.11216384
11.45148780
9.02043284
4.76960981
6.43482322
6.01137984
8.75225364
7.42628548
7.24036729
5.57361641
10.04924292
5.39199783
10.14528625
8.78580139
8.77658135
8.65956454
9.92545872
5.76000813
6.79902937
11.07309120
10.58194967
7.69961209
7.41486734
8.67904298
7.38680455
9.17826427
9.63408423
6.30469670
7.61513113
7.91637426
7.60093559
7.83178084
8.41108617
7.10781245
5.93125494
7.21578460
6.63235303
6.51329807
6.17429138
7.54717782
6.61630668
6.06703629
7.78133300
5.86825313
6.07040860
9.44232411
8.94716603
10.97001313
12.42672507
9.04129441
12.21536564
9.83629050
11.96377680
10.61448295
13.02335484
7.00352044
8.95690568
8.71937750
8.55981426
8.52333348
8.48283467
8.89378956
7.48697334
8.68081880
9.70548453
8.42183694
8.83084222
6.16681782
8.14873567
8.20644463
5.75917624
6.40506123
6.93713397
6.29064417
15.32224291
5.84167723
8.68427877
7.49075231
8.15440774
4.08954414
4.90731733
6.08070206
6.46531642
11.24050290
7.21333011
9.09737712
11.25769979
15.13270383
14.33908236
14.18578761
9.80974496
9.32904431
9.07113254
8.27377802
7.04763810
7.26444810
7.17838601
6.30523173
9.42191918
6.64501049
6.95770088
7.17632430
8.82615637
7.88361240
8.38369182
7.76952238
7.30947363
7.67362497
7.63130669
6.82412060
6.48687659
4.44340357
8.45186423
6.42460615
9.09919837
8.33348195
7.16828246
5.91672435
5.57531810
5.53721445
8.89793525
6.93128708
9.04296224
6.87961683
7.24165644
8.66175181
8.33425920
8.97248868
6.99326573
8.62908299
7.03405025
10.34286278
10.95127138
10.33324307
6.35089895
8.39048871
6.18003778
8.50005536
8.31724824
10.00787790
7.70747410
9.49506160
9.63379549
7.47425471
8.27617601
7.58425773
8.44303256
9.14851026
9.37236073
9.06442143
9.90410289
8.87078899
10.07065972
11.65691661
11.36926971
8.78837966
9.01647536
7.13823040
10.24793062
9.35822104
10.59470827
11.43701094
8.57605934
8.98445295
12.52339942
10.22037904
10.04046439
9.97624716
9.64160930
10.32327284
10.90249512
9.62286021
6.96778513
7.93553014
8.42353863
7.17433807
9.65913129
10.46391470
11.05969405
11.09162714
9.11133324
7.99079249
8.49954065
12.73622494
15.21751553
8.36894640
12.18857059
9.96361278
11.53380864
9.33865992
8.56778365
11.26847400
6.44439377
5.51449675
10.98678389
10.54644976
11.40005218
10.95748299
9.02363453
9.01208543
9.34774192
9.12144726
10.01812797
5.55488807
11.53819509
11.62851964
7.25119755
11.55047620
11.10626006
8.54797664
12.65714181
7.95611681
8.36458914
7.54475443
7.88980491
14.47199142
16.62343711
12.28211895
10.02119944
8.39743976
7.22789463
11.37126375
5.69509287
8.93136951
7.30124427
6.72672763
9.08430244
7.19268380
8.77190841
5.36844473
6.45757830
7.89984321
8.66756017
8.95469866
8.14481804
7.44816233
11.65436910
11.25439507
11.01343478
6.66664904
8.22621590
9.41128073
8.46030775
8.78233537
7.42096236
8.82070147
8.05659977
8.16869194
13.59446790
7.66789863
8.30252588
7.93860184
9.06760632
6.70285794
9.36682710
10.21903668
8.07237679
10.18720347
8.69094130
7.23851591
7.43038005
8.88644898
7.12605512
8.66637571
7.69611284
8.13455711
8.21373498
8.32043896
9.58709263
9.25411959
6.82800782
8.33659914
8.31136366
11.72572841
9.16404675
9.13435626
7.92983702
6.60260318
8.08628856
11.49899654
7.02445272
10.85797111
11.20962559
10.08220213
10.64918273
8.67506606
9.52650095
10.53077168
8.97962671
10.70789309
8.97558859
9.37141178
11.58407537
10.69383876
11.00674193
10.74289293
8.89734859
10.53738616
10.50420210
7.12012693
10.03260972
9.73507108
10.31626854
7.89155542
13.57088943
11.50478257
11.74840737
11.56874161
14.28968301
7.76936661
11.14892771
8.64764823
13.65541946
7.47742482
9.21647681
8.92892837
8.51153952
10.05148982
10.18467263
8.41056889
5.90487172
6.59704298
5.69938898
6.61895904
10.45293677
10.51649752
9.19465750
11.01188371
11.01987579
9.60663528
8.76342309
9.73954677
8.66332907
8.44910528
7.05365859
14.41302011
10.70152599
6.36588169
8.41890828
7.65663856
8.34297921
9.11030631
13.98148776
12.44605576
10.53010795
7.09171632
14.39490124
12.88471426
10.87157159
7.95701529
8.09873598
9.04358257
8.00367206
10.19094280
10.52245563
7.74512267
9.02646900
10.72843385
10.61612761
6.11603095
8.22384880
10.39947251
7.76917312
8.89709291
7.38335236
6.80400167
7.52753113
9.40203023
9.95571107
7.50040251
6.69465147
10.57717964
11.66474610
5.79429136
12.78605579
11.48690699
6.25432686
8.34170927
7.61732820
6.56582728
12.36686929
7.06703797
9.98678324
7.61170669
8.39813704
8.93402799
7.69551842
10.76364084
6.92870200
11.38926875
6.48892244
13.03291696
11.91835137
10.57780758
10.22054237
10.34035770
16.70813746
15.38846237
14.19830213
8.49354906
9.66296048
9.12558473
8.13648448
8.91417496
11.37089456
10.26601547
13.32881108
11.75765440
13.95419372
13.88439735
13.55029665
10.03377414
10.28598881
8.75593900
9.69266437
4.65962827
6.42833962
5.21480100
9.29479041
9.95144123
9.66068074
11.30098032
9.68156855
9.09774877
10.02750292
9.10260655
9.13096849
9.18762888
9.96980541
17.92007606
9.49542674
15.55799057
9.58656372
11.00530445
10.05543435
10.51015774
8.47589227
10.50538959
10.37544587
10.66175102
8.73431042
12.70951814
9.02391374
7.38126094
7.21094802
6.78905439
5.49936428
7.66099181
8.28293866
6.82760901
5.92703312
9.30912500
7.62839883
9.76215395
8.53858808
9.37983017
8.29919381
10.79633434
10.17841093
9.09401816
9.01244818
10.75854645
9.36048700
10.13288704
8.62733071
9.70156917
9.26204315
9.06539992
9.08930617
8.77499930
8.14585226
8.61130861
10.47245296
7.70965627
10.28776073
7.88324494
8.98169296
7.90166426
7.81408070
7.26130359
6.02042542
5.09737358
8.40009037
8.11119444
8.73725391
13.18044351
2.89400447
8.48381847
9.59407911
9.52076596
9.50563298
9.31847445
8.47742347
10.30772566
9.56172685
9.37654944
9.86738991
8.29646328
9.43591325
8.73059604
5.96213296
7.57918734
10.83521542
8.92532504
9.44884277
10.23687957
8.62117335
10.89450951
8.75690099
10.05431232
6.43452289
9.57700558
7.39460660
6.02460672
8.83083109
8.26806222
10.69299270
10.22367847
9.95950475
10.77178401
9.35555456
9.01736379
7.87722301
10.33983322
7.32628518
7.58458208
7.20191714
7.36020864
7.40632651
6.71440517
11.76474880
10.28930596
10.95615466
11.06235950
9.40275977
10.57448604
9.92955962
8.77030197
8.51577368
8.90368284
8.65370659
9.32655160
9.98268484
9.83913816
6.21937315
10.47134678
6.48556751
10.31948605
7.86694004
6.85458678
9.41962146
9.41531092
9.46347691
7.35131938
6.23616299
7.98574978
7.34079190
5.31728899
9.73367288
9.06950724
12.45143188
10.01422003
6.88168269
9.72777699
10.14294261
10.89504957
7.34745217
10.51691689
16.22548761
16.48921034
9.07010888
17.61766571
15.48617175
7.39509285
13.55550635
13.18956280
11.45441800
13.51909105
10.69535035
7.18391665
4.93804442
11.33351008
11.28078025
11.39431594
13.70668647
11.81322706
12.54949761
8.99195368
9.98179879
11.44273265
12.01219922
12.40694716
14.30591620
17.72685680
11.43112655
8.99536800
9.01441299
8.51848395
8.04511370
9.50367968
9.97597413
8.50441075
9.73139472
9.01516427
7.09393261
9.59443818
8.48677976
8.55994117
7.70678498
8.33093630
14.00037763
12.43701751
14.91380934
10.95879245
8.70125453
8.96963668
8.60130193
7.62186631
8.86218703
8.37560010
6.29419396
6.73847050
9.74898979
10.07502292
6.29845900
10.64570319
7.88816912
12.46211903
9.47840178
14.63611941
7.15950745
10.63541765
8.65654623
9.09109265
10.87403770
7.68124344
9.69051328
10.49267766
8.97211066
10.84467255
6.66791490
9.07525019
11.98519233
9.72337856
16.95126643
7.91884070
8.33370149
11.48297358
8.12513283
8.21478597
14.71254683
11.45881245
6.73505976
7.90955360
9.26852893
9.17048487
9.77535438
8.11262877
7.94178740
7.62598702
9.10446397
13.03181064
12.55372829
10.23221929
10.13672320
8.84807814
7.41503566
8.54194322
9.19582627
10.59956023
11.22422856
9.75884670
8.83596838
9.97504643
6.49343786
9.02645047
6.95055122
7.93969747
12.26102838
8.04986627
7.83250512
7.27111823
6.57263809
6.12126293
8.21393411
10.20180482
8.12239897
7.09537307
8.33330620
7.34322187
9.12509266
5.52639053
5.30778850
7.02403318
10.45226781
8.57977324
8.25789683
7.48628755
7.73688490
6.58650669
8.62569130
7.59360885
8.48001196
8.02778684
9.67750906
7.38857575
6.77547253
7.87427882
8.58486971
7.93958170
8.18453364
8.84433325
8.29897499
8.46269403
7.13469852
7.12301086
8.19760190
8.05521104
7.09580668
4.74518038
8.28729402
8.75979807
9.45384865
6.17921575
9.33163491
11.68652144
11.07360953
8.77146262
7.51667944
9.82380198
10.97577686
12.76711124
10.05272098
9.39784138
11.90784755
7.54458700
11.20118898
9.29957872
7.60649496
10.20633207
11.03132144
9.80965445
10.89465622
10.82221839
7.40867427
8.55567191
8.37093571
10.56091131
9.89981972
10.03644066
8.28143904
7.49262097
7.43248406
6.75550733
8.89454637
8.51918260
7.50096243
8.81628658
8.38545223
7.64423424
9.29817211
8.12621592
8.61077031
10.28383248
10.01107886
9.27692034
10.66294196
10.24272590
9.50561477
7.53410909
8.31623447
9.22816500
6.46416663
6.59658498
8.36973824
11.34650581
8.37230378
7.19104202
9.75816632
8.82440242
7.47430021
7.29677726
7.82556861
10.56632678
8.53548465
9.53915621
9.42478424
9.72412867
10.81204020
7.55038513
9.72361765
12.50258187
7.10323788
7.05487976
7.00149570
9.32279763
10.27992627
7.16379326
11.43937052
6.23334865
6.20169460
13.30834040
9.88155196
12.25658403
11.19514558
8.45204250
9.76817813
9.76461327
9.74180629
8.52946701
9.52807520
9.06995916
9.60507233
9.18727074
9.01018396
9.46565503
11.18404974
8.47172559
7.69232801
10.20852344
10.91324728
8.03690412
8.08151142
6.60828261
10.37482062
7.34552134
9.58815090
9.35498838
8.18872363
8.11201660
8.17160930
7.93194012
7.38465245
9.63007843
4.92097325
6.80958200
8.24738535
6.85690422
7.05253089
7.90726979
8.75302502
7.87234065
7.22157425
8.67112273
6.97320733
6.45212151
6.96752104
8.09727031
5.30955323
9.05765623
8.30522059
6.37108929
10.18816679
9.05208630
6.13735503
9.86592093
6.21960339
8.77486867
6.00921432
9.37253364
7.16065476
9.97476960
9.70075238
6.90025614
8.64920939
9.07431982
8.91486994
9.12987696
8.46142213
6.42419159
8.31714251
9.19376391
9.08985630
5.76231409
5.96230539
7.27682582
11.75072391
7.32366729
6.23839647
7.13242124
7.50131096
10.79866815
11.31078342
11.26260499
8.48314578
11.72851759
11.50809817
9.20188309
10.93475169
10.61154179
8.48614137
10.20418813
9.58814102
8.29055488
9.41447587
8.80139410
10.09939267
9.31487153
8.19783731
9.45334008
8.99105780
9.01732478
7.18752172
9.33071829
10.87517271
12.85589483
6.74615364
8.90747621
6.05162049
8.64436147
7.42211730
8.02286692
7.67520999
6.54427997
8.75567925
6.86144086
10.72369188
13.15711794
9.28955214
8.30769095
10.37326385
9.04722611
10.15759920
8.72408894
8.60356295
10.26988883
5.30798173
9.11012914
11.18082665
7.14656329
11.34095352
8.35021143
7.81818208
8.36748520
8.47598285
7.32310197
8.46255289
9.02830280
9.20005616
8.58355811
8.19336099
10.45120659
7.89801494
9.02704453
10.53114308
10.97708373
10.65819251
10.06388702
8.58346176
8.25296523
7.10323674
9.02714148
6.57684037
10.62253661
10.71844715
8.42294178
9.72117761
8.29756703
9.26580438
7.90265856
8.52517488
10.44232451
10.65527645
10.64868319
11.21253691
8.29345198
8.11121604
9.33960877
7.22207823
6.68067443
6.54508089
8.92640244
9.02896286
8.92221563
10.68181189
7.65341807
5.98223625
11.38359256
6.80742098
6.70329356
8.06986503
11.14334894
11.29236787
6.19592520
7.91414588
9.29290587
9.61196822
8.93412454
11.50850619
8.37368057
7.58907783
10.64876226
12.20322962
9.05224179
10.73980468
8.21689959
8.52912432
9.29363697
9.41060502
8.26133356
8.07864135
10.07497653
8.62735923
9.63243747
9.43079487
8.94936286
9.07764938
8.96065962
6.42393791
9.45812788
9.09690334
10.00375306
9.12788364
7.65399085
7.18681915
9.80510767
10.68955785
9.72272764
7.42077056
8.73671354
10.08148247
10.95550162
9.22470250
8.77167300
9.52737643
6.18505918
7.06264778
6.44308349
7.62027081
8.49842772
6.00383449
5.57263049
6.38978778
9.15617527
10.20324619
9.08408998
5.76482043
6.59498030
17.81336815
17.60758284
7.61150126
7.70766879
8.12678494
7.49415622
7.55160950
7.47909193
6.43802925
6.50955321
5.71721591
8.68737349
9.98315380
7.43154842
12.57603650
11.29613296
12.87514308
9.96942170
10.80656072
13.29186106
10.92508942
12.98882083
11.19616847
11.58170045
7.69599491
8.67590429
5.56892008
5.31168230
7.68509124
9.42786453
7.32940277
9.02921910
9.69221622
8.86131993
11.85730981
9.06425603
6.76158589
12.08279941
13.75353529
9.91988014
8.86455976
11.06150538
8.85872417
7.36517735
6.71176508
8.03624650
8.20072243
8.53743550
8.82611582
8.37039244
5.47572641
8.82878639
5.86553152
8.47070918
8.23597670
8.40405482
8.65326766
7.15611352
7.47593783
4.06968828
7.53694256
8.74872422
6.47222462
8.91390499
12.04837275
9.47702960
9.95012508
10.53190410
9.42182816
9.13419873
8.82589229
6.89729854
5.01393970
5.99302448
6.12807139
11.48994180
6.94451200
6.94354595
10.68448839
9.06694486
10.03317625
9.84976846
8.17820668
7.96297305
9.00019759
8.36209325
8.39553543
7.28088124
7.23069080
7.93201702
8.10794856
8.93739876
7.24877458
7.46531928
7.75256022
12.86375834
11.26861571
12.61941425
10.18765056
10.61076302
10.09403029
13.08097231
9.89215553
10.15704929
4.81002827
9.98005272
9.32194984
10.99342504
4.57100527
5.71413321
8.41045605
8.23808913
7.77264678
8.07237983
7.52974993
7.80647642
7.44505926
9.13913507
10.52123293
9.14037945
7.87556376
6.97612932
7.33087422
7.05123847
7.92208724
6.76108530
9.20731383
8.36251730
7.83524725
7.28890005
7.87540960
7.67885188
6.22937983
7.15963628
9.92205252
10.29379043
8.27198759
8.63180020
9.44085836
8.97087975
7.24585970
3.74623514
7.08774208
9.93080635
10.65934224
8.12840794
8.37771335
8.73697292
8.37376644
7.51868210
7.63075619
12.62552395
11.60864390
9.19137584
9.77720080
9.98134778
9.91288470
10.72413758
8.52395602
10.13845718
14.00261318
8.19281378
8.28548164
8.37352787
7.21332342
9.83935136
7.37881116
9.14001878
10.60066394
10.37085914
10.59803111
9.24559292
10.39594648
9.67552867
12.00057334
16.59901200
11.54383040
15.48522641
11.91497926
8.93057394
10.61554958
10.31397313
10.32578904
9.17930397
10.19879919
10.45833031
9.33578165
7.79178374
10.82913450
8.52805430
8.64505638
9.44683801
8.32452656
6.70283738
7.35741347
7.97000356
8.19655530
6.91547661
9.52999609
7.20646604
10.07569512
9.76575958
7.31799711
9.98370363
7.99884852
5.02152281
10.25573779
8.17263668
6.47346794
7.96353122
5.68181469
7.77811244
8.71631171
6.70427402
8.38205279
10.09097856
7.44053921
8.51822903
7.36293558
7.60236716
7.87139488
8.25489357
8.87666637
5.85938981
10.74842830
10.67802773
9.93516381
9.94521566
10.08205714
9.97225580
8.55801292
9.58953961
10.57436042
10.96721257
11.37183089
11.24504502
10.16955794
10.91290573
10.73921011
10.64076594
10.33196706
8.92992701
8.26828254
8.24175349
8.79924721
7.63087699
8.09830173
7.19742222
9.94413346
8.58654030
7.41567615
5.87455814
9.65853906
6.05327713
7.52116893
10.81204057
9.26861997
10.51745199
8.46356160
9.01302828
7.66459510
9.05061231
12.46478257
8.80608430
7.54390512
8.42400317
6.98832864
6.37600988
9.35209439
8.73491542
6.56267432
8.94582109
5.84680262
12.20896818
9.23993363
12.31804331
12.06861074
10.64343073
5.10786493
8.72295600
8.93108619
9.46141889
9.00894140
6.16418067
8.69593127
7.72933075
9.76768503
9.15978678
9.34104946
9.44514750
6.47677330
9.42128098
7.72749126
9.91165081
8.69550774
11.27088198
8.85269077
8.50191108
9.63997200
7.79701688
7.69596257
7.61283746
9.39280347
13.49912711
11.03385215
9.11549391
11.26850032
9.35326813
11.76331432
7.04194993
7.67993338
8.64979986
12.96732745
12.26231735
10.24680659
12.72789643
9.71119406
7.59682275
9.94183934
9.58926214
8.26216509
12.26896652
9.84592512
10.18069956
7.04397081
9.64035082
9.68912430
6.17319037
9.40018155
8.69028045
8.85954528
8.97483222
10.23120415
8.23390114
8.73129354
9.34800668
8.36558675
7.55852883
8.89215879
8.39838778
7.94562842
9.52450282
9.31144899
10.75802970
10.10491171
10.30914688
8.19333392
14.56204438
7.69967231
8.67690738
8.65707854
9.07667313
8.29169989
10.12047865
10.38933345
12.52962033
10.27984291
10.58523506
9.54424051
10.14039255
8.48834714
10.35525683
10.80965209
10.96768981
11.82710892
10.12828522
11.31446605
10.22214880
7.26807926
10.69939346
8.92305818
8.29257727
10.25277346
10.31342082
10.85967085
10.08870052
10.41553945
3.24180778
2.70079188
6.60160683
8.77853330
8.90550205
8.50238583
8.57396381
9.60442562
8.53606742
9.09469555
5.50941120
9.56451910
10.99135400
9.75092871
9.17979385
8.96698075
7.44240375
7.18696973
8.44775622
8.24756736
10.58559865
8.27754982
6.59766579
8.14014059
7.83025447
9.40003063
8.06167621
8.35378667
7.97107814
8.41602651
7.74081724
9.30187339
7.74417621
8.53777632
9.23456277
10.58385626
11.39395653
7.68119634
11.39395336
9.80203425
10.76087672
10.32529686
8.38225487
10.45771557
9.17367107
9.12684060
10.68035848
7.64678576
7.64798629
8.98607222
8.71724554
7.67738595
9.49930158
8.57991628
5.00312796
8.94208658
7.76997993
6.90603012
7.16355819
9.04749680
9.30286414
12.13113100
7.03408317
8.37887179
7.61981729
8.46564003
8.80146957
7.32362725
9.63532133
10.60285138
8.83501831
7.18342228
9.11877992
8.74915880
9.45764859
14.29267905
13.96694528
13.67593620
9.77385174
11.81590613
8.57373025
6.62594648
8.41712108
9.00743278
8.70865062
8.87531580
11.37714666
7.85436788
8.82741902
10.61491645
7.44161866
9.85594687
9.38662731
8.15041070
7.35729963
8.61360416
10.99707400
10.27064605
10.77084301
8.75723330
9.41969780
4.01565942
9.84715988
7.93285788
6.86852225
6.34415096
7.98197180
5.80662690
9.15414011
7.81150523
11.26368784
11.96721105
9.02978781
7.53091716
7.78919186
10.41589151
8.53714717
10.72967714
10.84528376
10.07809654
11.81032915
9.84808914
8.40528391
8.77641508
10.33049463
9.42001693
10.73406553
8.88965825
8.73618903
9.11830324
9.10726093
8.11010346
7.96587890
9.79439015
9.06149714
8.94011033
10.96777597
8.70172165
8.43978186
8.34246212
3.82840678
5.77905967
6.13350488
6.85833261
8.22523038
10.61779828
8.93829943
9.07492863
8.68305644
7.20098349
8.16964128
10.04603537
10.03993773
11.48539342
10.96902318
8.99078201
2.81797448
11.27007656
11.02460299
8.41110461
7.18929461
7.55084708
8.70390583
9.10937515
7.27037753
6.03615603
8.15978563
8.43003365
9.83066451
12.66268393
8.21692001
7.05802656
5.54662319
9.38570920
9.86114130
12.67520790
12.70249115
14.85200198
11.03053490
5.20147053
9.73543883
5.52934080
7.37388253
10.24307152
9.42486421
8.94301991
6.12409533
9.90025268
9.99861345
9.42626086
11.92132011
11.04243541
9.85609686
8.82255316
6.74252269
9.67889386
7.94620948
11.60339736
8.46321944
10.43143894
9.66961144
7.17894706
6.53476488
10.32395177
7.65498038
6.54359411
9.34676421
7.06563077
7.02618668
6.81481926
6.82971917
11.73580640
9.34031811
5.47628089
8.15150744
10.69038245
8.16439483
8.70173585
10.33314536
8.71050340
9.00027936
10.89233612
9.86732441
7.80990069
9.92447981
9.53413265
10.23090252
9.52442030
11.02832510
9.61907320
11.37145715
7.53808974
8.81517013
9.16032585
10.87238702
10.95566185
11.25071789
9.92012496
10.71602155
12.16235115
9.35153113
9.53182480
9.16878744
9.28526587
8.54589954
8.25373509
9.09444338
6.84579711
7.86479278
5.99885847
5.66418263
8.28247313
5.79337895
7.57675013
7.19701137
8.96267322
5.67248045
7.77369891
10.22290010
9.63599462
9.41720689
9.38854927
6.44048892
6.81217623
7.09202095
8.51573790
7.21831805
9.10691137
7.87022421
9.52799356
9.75017347
7.66329272
7.82736915
9.57544014
9.95499089
11.08916856
10.28050424
7.88230007
8.33429735
10.89918685
8.00121259
8.63324345
7.14926823
6.62007179
8.82434691
8.54563166
9.78832140
6.08799096
6.60629116
8.26904858
5.23831896
8.86046556
9.09252503
9.26042381
8.57885476
8.35217013
9.39270513
7.57658703
6.68423300
8.02289286
8.50692945
6.98040874
9.44985399
12.44660327
12.81609989
10.68131474
13.00138378
8.35421325
12.07473671
10.32992692
11.55606421
9.85209623
9.06229701
6.64145062
6.83536372
8.05976309
7.93758132
9.64239281
5.94412248
10.54049732
7.03011064
5.79387604
6.54035563
7.25281255
9.47280160
9.48208504
8.01545189
9.24773009
7.12809099
7.52485908
7.90446009
7.23636533
6.66940362
7.87971888
6.73359664
7.22897600
7.44670021
8.74021996
6.21378875
7.33903126
6.90662612
9.15227803
6.56755658
5.96239894
10.49095410
8.63432428
10.02452697
9.12646071
11.90602340
8.52771456
10.41927507
9.90454466
8.53766716
9.57539891
8.72845918
7.79124616
9.64525813
8.79111918
9.69211295
10.06581514
8.15434547
6.96167229
8.92354210
8.38809956
12.54063717
8.66572147
10.79554948
12.64409470
11.04644435
11.69188225
3.92858659
10.02541130
6.70816023
10.03621454
8.25441774
7.57929375
7.76558083
10.11127756
13.27136331
10.88438710
10.73120346
13.53420644
11.37085105
12.33528487
12.44855725
11.37646744
11.77575218
12.46486503
11.11319192
8.20270534
10.10362452
7.84994501
15.84620025
14.46594391
10.42202856
10.57621819
10.32500806
9.57515157
10.19895845
10.22878082
5.80753461
9.39643000
11.22918650
6.23292250
8.66940424
9.13588845
5.67905258
7.16885505
9.32424051
9.90175940
8.00834174
9.85380145
6.35688561
8.38880775
8.89259156
6.37574363
7.20989266
7.66254523
7.49508981
6.91132431
7.81694352
6.74234459
6.32914427
6.42513475
8.93282083
11.45391469
11.53519953
13.13930343
12.25843827
10.87950860
7.53635583
8.19103796
11.17187707
10.27488441
7.25809966
11.31513663
10.41964223
8.93114085
2.48564901
2.65293760
3.21704227
10.63042631
11.58436520
8.67531011
7.48987191
7.34818478
7.68520117
6.72667545
6.64570261
9.01998181
9.03474609
10.21487328
10.00251576
8.77955724
8.71086891
8.85047459
7.86649326
8.56697095
8.31046248
9.26084433
13.62638407
12.39409050
8.55200208
8.36950830
4.58497411
7.21691165
8.17932727
6.46129449
6.55842650
9.30875667
9.65802691
12.08409102
7.33553322
5.66780426
6.09671736
6.67502243
9.81075266
7.50165075
6.46597699
9.00386894
8.25726555
9.26220211
10.28738245
11.18089610
10.03695623
10.14600141
10.29273250
8.44486539
5.06669507
10.09612885
5.38915980
9.74652043
9.45198367
11.14715137
10.71067805
11.11057711
8.27428007
6.90118905
13.77662666
12.96305184
8.23072570
11.42183078
11.32126328
7.83528056
6.35144852
8.30183969
7.20524477
7.58285454
9.17116522
5.36385922
6.34042206
8.80469652
3.44582826
12.48170435
11.18005470
14.81498600
15.45134808
14.84901620
14.36689281
8.01933585
8.92706444
12.21335315
9.65167218
8.68465186
8.94963020
8.03390011
10.16836198
9.03746162
9.37929062
8.30545555
8.36617925
12.66966916
13.59333930
11.94681796
9.83556271
9.87364705
9.64781711
10.79312599
9.68874466
10.23038931
8.43504567
8.42353874
9.75291841
10.09460613
8.38080479
7.86572768
6.73743701
6.67598408
6.90438902
7.22492104
7.80122014
7.82815007
5.96112478
7.37786712
5.87465612
8.26190879
8.85823129
7.26317661
11.28780779
13.32141011
6.64212572
6.93826168
8.18432890
7.95914992
6.13070776
8.29319580
8.82871270
5.04681050
7.45765062
7.13146955
6.65559312
7.35436044
7.91758054
7.48284577
11.16331066
11.53772456
7.10051154
8.17228018
7.48394932
7.72693453
10.91353898
12.29473211
9.88713436
7.86952791
6.44927935
7.57496688
9.51353489
6.37508815
10.74157388
7.48429121
10.05228513
10.24668510
10.71482812
10.48968244
9.09154442
9.59990853
9.97266271
11.59485297
10.09396129
8.75186676
8.58010473
9.75823210
8.72729898
8.35359642
9.26502132
6.95485539
4.86380406
10.62497845
9.17649739
9.00930238
7.36672071
9.28592479
7.15010917
8.46988222
8.34679936
8.08593696
5.98333714
7.11770875
6.92429515
8.01517836
7.13962590
9.70351485
7.95465420
6.22010078
10.15818478
7.66545470
7.49875052
7.10783014
10.81888794
7.08211637
8.66799873
8.12369889
8.55047973
7.77805721
7.48731579
6.80290421
8.93134961
7.10970197
8.69145622
6.42058411
8.40595000
7.47118757
7.85251216
6.84386811
10.08096670
12.06310904
10.99847566
10.49702916
8.53250460
6.71318905
7.66258880
9.00708305
7.74771681
7.64396280
8.16206595
8.35030850
7.69567694
10.95689947
7.19220124
6.14890509
10.50924727
5.95025309
8.75707756
6.67209067
7.83082291
6.32860552
7.38346828
8.07070020
8.71120812
8.57551188
10.22457079
6.94888737
8.60524402
7.72956387
8.86768343
6.86075774
10.66858173
8.70522763
6.15346267
5.28924027
5.70128024
10.32934318
9.25839898
6.07721247
6.12665363
5.50033000
9.28636694
9.24920374
7.08663879
5.67860945
7.76625281
8.58863005
9.81858540
9.43105543
7.17579586
7.57586224
9.13311024
8.49313228
6.40024011
6.59229497
8.10558124
5.04801232
10.04091363
8.34512956
7.08144959
8.80981106
8.04154097
5.76145753
8.58358398
7.52285938
7.01655533
8.13011791
8.80912852
8.60787654
9.21973175
8.35707961
10.38947743
6.53657811
8.08465297
6.58872836
9.16067255
8.00852418
7.60625994
5.98433031
6.16890721
9.79242523
9.77353420
9.60027649
11.69231700
9.95658904
8.77515443
7.90689265
9.17834146
8.50574069
8.66488969
8.56016799
8.72968308
8.27852887
9.22471239
6.18645253
5.65557011
9.01937751
9.22181531
7.46276518
9.24839709
5.47323419
8.02858866
8.21460839
6.97360248
8.17676596
5.93821934
8.23283317
4.46104256
7.59840359
4.74738090
8.18234940
6.86576103
4.35370333
6.95656664
9.25155824
9.72258331
6.73340377
6.64303301
7.55067703
6.56065082
6.12786474
6.91242967
6.10499916
8.15967473
10.31694616
8.23892800
8.52982280
6.31073396
8.69914868
5.83237732
6.05260961
9.46133871
8.65060039
7.79851138
6.03604560
8.04728921
6.94640699
7.25763066
7.84779393
7.47821849
7.75384305
7.31347613
7.87171905
7.58657612
6.84039048
7.24063431
8.05931070
8.38367057
14.47937252
7.82423744
6.92433924
8.21428165
10.65582453
14.18343319
15.06326445
13.95187770
13.63307616
13.75127623
13.03845095
14.26166038
12.02742055
13.12335035
10.85680255
12.49380288
15.48729204
14.02752347
13.81480758
10.19620981
11.71572573
12.99140400
12.79386650
13.79996754
10.93955855
7.24751086
7.70027180
10.98371834
11.17002597
6.26382373
6.97007391
7.35021272
9.74462293
10.31790139
9.37279922
7.08441468
8.57482456
8.57230273
8.09067941
6.84022577
8.15749517
8.77977495
8.69571941
11.31151788
10.12301738
8.61362515
9.07025907
9.09086706
7.84962460
8.47252919
7.76312454
6.98068416
8.58166279
8.20133241
10.28666211
9.48401966
10.00346950
11.64285147
11.33551088
9.60490886
9.66373807
10.39648498
9.58566069
7.17845828
9.64986682
8.20751005
9.86592179
10.08791715
10.86430517
12.29124033
10.28639107
9.03248804
10.69509388
10.86001221
11.09567449
10.09897123
9.37191423
11.13186271
9.50991768
11.66947589
10.40388604
9.92879187
6.79669294
7.42589783
9.39241878
8.67136015
10.38600932
9.59909640
8.08557079
8.54505232
9.89706173
7.71574070
9.84836053
6.57942970
9.75878967
9.35580476
11.96536131
7.38923414
7.50494232
7.30307229
7.51933752
7.92292529
9.45223561
8.22268564
7.69790798
7.92655248
8.10793147
8.23780854
9.91216492
8.24536930
6.35652563
7.07288043
12.40696977
7.97441089
6.61486532
7.57362251
5.18553345
10.91770288
2.57598495
8.01177996
9.22328478
7.63267637
9.33203202
6.39343274
8.15274559
8.04316354
8.82471064
8.39724879
8.12768593
9.86910709
8.05682998
7.44608481
7.06287823
7.81361090
7.00788830
6.46778317
6.45938512
7.23161736
5.19548568
6.01473694
6.48115742
6.30936829
4.54452937
6.54460516
6.73825169
4.01260084
4.49392011
5.73798991
6.27417945
7.35849411
5.60745430
6.43648937
6.64181939
6.55366354
8.20798082
5.03137708
4.27782158
3.99188526
5.02917759
5.37011363
5.88692002
6.52791070
5.90739894
7.51768512
7.67633408
7.78098784
8.48752189
7.43661553
9.80771756
9.20342156
8.98325845
8.37690627
6.33383534
9.19199699
8.52039566
8.67779799
7.43447498
6.05174761
8.68661912
10.23161891
10.98125574
9.01886545
10.60687292
8.98663715
10.98667447
5.42786838
7.26068332
8.24334360
8.59720181
7.21192515
9.10626998
8.19631922
9.81813227
8.21575386
8.21891475
7.91719699
9.52547332
4.63188834
8.89803580
8.15375691
9.01476954
7.29892085
8.12309339
9.81067560
7.37639617
9.17751455
8.91506864
12.73054564
9.72137692
8.80128533
10.90223568
8.95239194
9.89124221
9.41461819
9.01059362
8.84492272
9.31255693
8.97695639
8.21215368
9.45558029
8.90308871
9.28687056
10.51824546
8.22757090
5.38158310
9.26343784
8.41091659
9.41294126
11.82994282
9.06265721
7.03837256
9.13637792
9.15470521
8.95569837
10.63115028
10.15644454
10.30925674
9.08225080
10.81620008
7.94363321
7.82221407
8.69297561
8.40757926
10.36128476
8.53310660
8.76229642
8.91442215
7.84653656
12.60230446
8.38429657
12.63775222
8.60763293
10.55687836
10.88468102
6.44986519
9.67962906
6.75226627
8.57781267
6.90429415
10.38591626
8.78660424
10.25475721
7.35927790
10.20636636
7.67623520
7.36824758
8.09195205
6.09251988
5.33680752
9.33481890
7.09383452
7.12023732
4.03087610
4.82918847
6.82272746
8.54942629
7.79257582
7.86068003
8.21887033
8.68853127
8.09244091
8.53983882
6.70627291
7.47509666
6.43407541
9.23778924
9.55986366
5.00127175
6.62362895
7.96353231
7.29912868
6.98581089
6.89444818
7.05451832
5.81496132
6.13978798
5.22298014
3.87238221
2.88115908
9.28758308
8.13247239
8.49453215
6.10076877
8.61711684
6.01389762
9.04390072
6.38547114
7.69333858
6.57667135
6.57851283
5.65889545
8.41201925
11.00330385
9.11285533
7.66377788
10.03971849
6.90229161
8.06170392
7.68545223
9.52204829
8.59987169
6.11007643
6.87194123
12.62988796
7.05714150
7.53944402
8.98848771
8.56650114
8.67246036
8.60191582
9.72538740
9.50932470
8.08179537
8.25910756
11.57835778
7.27384825
8.34023085
9.09084671
8.58204276
11.48593002
7.72883980
6.76110323
8.19845478
8.80645862
6.74555246
6.56308124
8.29577974
8.73061090
8.90207369
14.39048312
13.40262892
9.08423690
6.33200713
8.55598984
9.44938473
8.16874492
7.60002530
7.84982700
10.01581784
10.71521041
7.00974769
8.69483743
8.15995923
8.49995406
10.76467749
9.54906108
8.38820265
8.47291139
8.86691097
12.60031483
9.27723079
8.51242891
10.14882105
10.20281841
9.38253515
8.57757095
9.58495040
4.67748994
8.91547793
8.93663690
7.43317002
4.71649556
5.07383845
8.82583030
5.34359272
8.02174490
7.51435229
7.92558184
7.22834447
8.47288716
7.97365000
7.02557384
9.53741362
7.43585055
6.81931038
9.36963630
7.66037538
10.34521124
8.31653888
8.67424166
8.99949642
8.25467239
8.95020143
3.20024482
7.72255431
9.92162077
5.35241470
7.89141368
9.31318334
10.23293413
7.43788714
9.62553762
7.84799389
6.40675177
6.78995101
8.61452701
10.16724227
8.43600102
7.56479251
7.83753279
8.46080086
8.93993154
6.59964880
5.74870183
6.27881757
7.43986967
8.73848352
8.46155085
8.62274803
5.83319494
8.25655017
7.91864020
10.95308630
8.62078913
8.76315648
8.84315665
8.57296340
7.27418669
7.03387435
8.33508683
7.87442943
6.93976692
8.25518192
8.20613387
7.35828484
7.65382144
8.39537300
7.78423489
7.78626660
7.97806071
6.68714769
8.25892785
9.19437169
9.33247162
9.48284643
9.60901726
8.68231989
7.37313027
9.38675230
9.55908035
8.98954896
9.39148888
8.80863313
9.24455421
8.02966573
8.89847322
7.49496968
8.10610256
8.52502358
8.54550649
8.33243995
8.71690421
9.39804835
7.08130152
8.42679669
9.84741000
8.64496577
7.11948648
2.53513810
11.34306893
6.77448986
8.19335827
6.71519705
15.72046341
9.68039791
9.78994128
9.18237019
10.24738387
6.71765930
6.63340572
9.01322935
8.23681945
6.41013855
8.17107862
8.53383968
8.27992328
8.76370107
6.27177977
7.04545805
6.34983741
7.12254459
8.21939945
9.05358064
8.83843705
8.94557606
8.99483742
9.13709480
8.90523808
9.80419166
8.39412561
6.14724004
8.52788181
9.07162436
6.99993384
5.76213265
7.86481778
7.91517646
6.32264697
7.18964765
3.72073376
5.28005538
8.70729803
6.64378043
7.38234171
8.47396014
6.99128171
11.53029970
7.86386759
7.41224489
15.74949695
15.65066437
8.26097537
9.45426476
8.32866986
7.79240500
12.64060751
7.96980183
7.84891812
9.37287618
8.92080251
8.46759842
11.74077075
13.34302264
9.16500829
8.42038521
8.81807300
6.88480040
8.80026567
8.18824415
8.80675281
12.76127869
9.98595944
8.71461625
11.70586395
10.07872173
9.97872801
4.53166133
7.89650988
10.55427648
3.90450292
8.03311022
10.23096095
7.79061950
7.79157333
9.57907739
9.33490469
8.07110919
8.55251933
8.31890542
5.60335053
9.81628939
9.20598140
5.78485173
7.89526473
6.43425335
5.22889626
7.76757481
7.46858760
7.21850863
7.66213688
6.87248265
10.15111776
8.38572209
9.74616512
8.23824492
6.53009909
9.85846606
5.58065390
7.68299495
10.30288264
8.57684927
7.37212868
8.38904952
8.08215475
8.22976136
7.97459219
10.99075145
10.19183293
9.69914077
10.18373497
7.68834970
6.03410070
7.72112920
8.67624016
9.34577813
9.88459265
10.49899848
7.34461658
9.13739205
9.68601599
10.09378843
8.84368636
9.54471206
10.06172281
8.37948202
9.98734888
9.93776147
7.07751106
8.76967013
8.61260123
7.30383801
8.67837620
11.20994541
10.27091893
8.61697779
7.57288889
7.90184580
8.58079724
9.03923737
10.29445834
8.20345426
10.39588644
9.95649161
10.30547496
9.30465010
7.32002506
8.98133795
5.78285405
10.82013925
11.72910635
5.72079311
11.06914401
9.12407228
8.92417509
8.73874057
10.16353768
8.47502363
8.66121412
9.19997349
7.11460008
6.40848602
9.05283805
9.78196183
10.64182552
10.11201611
11.93478414
10.63977985
10.11899044
8.98261816
12.23459103
10.32463300
10.75230402
10.00655343
10.65121913
10.32946260
10.18490516
6.96332167
8.46038511
8.70547046
9.17855571
8.97271716
7.95809219
9.08699719
11.79609832
10.26822857
8.74227487
10.41744781
9.32816788
9.34424735
8.75026365
9.70725896
10.45020546
14.72187037
9.94499334
9.74968053
11.79322807
10.95857165
8.75124788
6.21873302
5.54498627
6.96447064
6.43260206
6.00024226
6.94492720
5.77824223
6.89599606
6.10135263
7.16175352
7.13617429
10.34128975
12.66813590
9.70356772
4.73555962
5.77170590
6.58398383
6.57866777
4.66213272
7.28334807
10.77543852
8.46047342
11.08979025
9.37753777
6.58346945
8.22218901
8.15295356
9.04592843
10.35347061
7.96231363
9.85445269
8.91918678
8.95479139
7.69434137
8.57587848
8.87947284
8.49618900
9.34697498
8.52858675
8.06996662
7.92227573
7.32377809
7.08758894
8.55870229
10.14470312
9.79803494
8.27649464
13.09845980
6.11438083
11.59843496
12.18336380
10.38061451
9.60341462
8.40994648
8.50827002
10.33578913
9.71198516
7.81706511
10.34374985
9.88270500
9.13040685
9.60405804
8.31896798
9.18407561
8.70503243
8.80679369
10.51837547
9.37534330
6.58413772
9.52636510
3.88272763
8.43176145
7.15255461
8.91514694
8.95118551
6.64345421
8.45062993
7.69323850
8.94821392
8.83110613
8.53370059
5.80515038
10.05685370
8.64572405
13.20502011
7.85156146
10.02946761
8.19974141
7.52533421
8.30141026
6.07607108
8.78301178
8.00932506
7.37144570
8.43060703
5.36318649
8.89378123
8.14931303
10.41599943
7.94229753
8.55725331
12.85430528
13.20016003
13.17282576
13.77878502
8.45831094
8.65388143
8.34006787
7.44948800
7.28749202
8.84161648
8.87495390
8.37724960
8.81267748
7.64300501
11.17636884
11.61301510
5.14469116
8.88199380
11.05569725
7.97121319
8.89900180
10.23654246
7.88605948
10.86911112
7.26060861
10.02555785
8.37059570
9.52949740
9.31637036
11.06204132
8.11012943
10.54620860
9.32262903
11.54419450
10.82217405
11.50946751
14.14788564
12.93061575
7.54887062
13.18729591
11.26199773
13.53712871
10.87485605
10.73960922
10.54045923
9.30271434
8.36762827
9.61839919
8.19116096
9.91790776
8.46954584
10.68069597
9.40295858
7.46302437
9.71473521
9.32443687
9.53597190
9.52844262
9.32263762
11.49531308
11.23281190
9.79413382
11.01407052
8.65747765
11.68045699
8.28238719
10.49846387
9.05330648
11.16389869
10.70012031
8.38554198
7.27327444
7.58376243
11.14553877
9.54163554
11.18532870
10.89802492
9.42198910
8.11021405
9.27025639
6.38447907
10.60804240
10.79641108
9.82911846
9.92357852
9.95184565
9.68033918
9.77015328
9.71890840
9.59415937
9.08514723
9.81270436
9.76432534
9.63971550
10.23974208
11.36742082
11.03463734
9.14651267
8.44536809
7.33961551
9.61717051
8.84083592
8.60721315
7.80129117
5.56963699
8.72319744
7.72795838
6.35238703
7.68433571
7.89722193
9.87246335
9.95634409
10.38040164
2.59442955
6.32858344
10.10646766
9.27577967
9.95052389
10.20354800
10.12314069
9.76584242
13.02889200
10.26558244
12.13328087
11.12407196
12.90616308
10.93845231
13.07736335
9.35464081
10.86738991
8.38256746
8.79994366
7.89393467
8.73918908
8.14947107
7.77631629
7.99151297
8.59410904
7.28154083
7.64584305
8.59456674
8.70019934
7.89170407
8.04897273
6.87762356
8.57369749
8.93246703
6.46402489
11.19818729
8.81231886
7.32499103
8.64366504
7.84651374
9.42250998
8.99154267
7.96968273
7.25847967
8.22534446
11.45230386
12.88741469
11.43346507
13.87459760
9.67488017
10.23839297
11.50384767
10.71968630
9.39786669
10.44135974
12.01604769
10.24752572
8.55969283
11.52247435
7.34586377
5.62170307
6.46372433
7.29041970
12.51094097
10.11119889
9.08241790
6.42783265
8.79478935
8.14339356
9.17203648
7.89346333
10.76787367
10.37117270
10.02398408
12.21741246
8.29731713
9.18504236
8.73518927
9.43711669
8.46935603
7.73000100
8.48146448
13.06490187
9.78253570
3.00540385
8.00246177
7.93168310
6.40785755
9.37044293
7.78973993
6.45402052
6.50091312
6.54893416
9.46380122
10.46415747
9.06856859
7.73610655
7.79464657
8.82823801
8.54976632
9.08818161
9.52418346
9.64062576
7.74060185
9.18542822
6.80566139
3.42752968
8.92897740
12.45356597
8.11054955
12.38375623
6.97861848
6.33862224
8.08815222
10.17759496
10.22363403
12.51115743
13.06073013
12.33916471
12.20946377
12.55230557
13.32823427
13.87443179
15.27818045
12.53773041
5.31644102
10.73666911
9.36816351
9.73859155
8.29425007
9.86853583
9.18292749
8.95951246
8.58956378
8.88654531
10.35021284
7.28489679
8.66566226
7.48066332
9.70622422
8.83841658
7.93581145
10.45445967
9.50062399
7.95781571
15.57190391
12.93011011
7.78136777
13.14029743
6.57502091
9.90334127
7.32477166
8.91877287
7.65374200
8.73536518
5.28249370
6.17402871
8.83470355
6.32275712
9.21654788
8.40994566
5.77241780
5.72159677
10.04909136
11.43206182
12.89617541
9.25130245
10.12864997
10.19476684
13.48294888
8.27044448
12.56323791
7.62549036
7.99718697
10.52750920
9.43323157
7.58989662
9.11035529
6.98350191
10.21520661
8.24439020
7.04954912
7.48911494
8.60633783
8.85231532
8.53275790
7.52003475
7.97159181
8.04332147
11.28005928
6.48043837
6.88795137
12.75373173
12.30446687
7.23315849
7.94200626
10.55762456
8.54766481
8.72271408
8.79170861
8.54405235
12.69513838
8.97154143
8.97496708
9.68186478
10.72065933
9.84583931
6.57421132
10.16894294
7.01882859
12.36273968
10.27491281
9.36648195
8.99562437
8.53351556
7.25737473
9.04422856
7.04000353
10.51807058
10.37068179
7.93386253
11.13390504
8.11523580
10.79843928
7.94080503
5.40751962
8.45866100
10.98612156
6.72965745
13.07625020
11.29780169
6.01182278
9.04443062
10.20693379
9.36164319
6.34475869
3.56784545
13.68363044
9.63881928
10.57473570
13.11630923
5.62763607
9.55939244
16.07399762
14.55675078
15.41167478
16.34317606
14.60328006
7.45612675
8.22566281
9.24182807
7.64955814
10.00266507
7.80504724
9.48283047
7.73199763
8.78226110
8.79738876
4.50968166
5.12994333
10.01315753
9.13409467
14.42844712
11.12457955
8.47608757
6.55646446
7.65407811
12.35213338
13.49433213
8.43861612
7.05965368
7.99056070
10.95170645
8.84515307
9.06050519
9.52498224
9.08056246
8.97909647
8.84690319
8.98727771
11.16140179
10.28594518
8.40839023
8.40598454
7.74832131
9.99523691
19.42931964
15.41861898
18.27576240
8.98148205
10.76717292
10.01698137
10.02101676
12.73408110
12.63128384
8.87638139
10.38714188
9.49590509
9.16319438
13.31012370
10.33217167
8.25771816
11.25393910
2.43913334
2.79137053
3.09105490
5.97531302
6.71579303
10.33240077
8.88251095
2.68226472
7.42350516
8.59489950
8.79884551
7.86663246
6.60458825
5.05891410
8.87452682
10.54301073
9.74106104
7.91958763
5.74715147
8.89133794
7.32404283
6.66168699
8.11815034
10.36404781
7.68936982
9.68591325
6.45903402
9.31885956
8.65250688
8.92146399
7.68916051
5.86342463
8.84110498
9.40452929
8.86577510
2.83354840
2.99180913
11.06793201
10.64666951
12.60101697
10.79117292
11.62377950
6.99581832
6.21162563
14.94875855
7.91576508
10.16856300
9.21101266
9.73702947
8.72746264
8.23680454
6.36080851
11.69665656
10.97462424
10.96954273
9.49526075
10.32627652
8.84854321
8.28512670
6.99430647
6.20089562
5.90316862
6.63080899
7.93027859
13.43301488
7.78355724
7.63080260
8.97303465
12.31239511
7.81650252
8.44791407
8.92733789
8.90851587
2.03087041
9.00628143
7.87366215
2.81417561
14.65615333
12.43154254
9.15829338
9.14470215
7.74145627
9.70647360
9.69624685
7.72497567
7.81400797
6.84291880
9.20152286
5.93088552
8.70046861
10.08174293
6.97301856
10.46295956
9.12758654
9.22241864
7.63210979
6.84285000
14.42821015
7.88168699
13.88155461
10.91322977
11.45816503
13.71269459
12.75608439
11.16150364
9.32642153
11.35978837
12.12184338
7.69310595
11.75596091
12.57490844
9.41441333
12.60470103
11.98975698
11.70770022
10.91124750
10.85180279
10.79394821
10.52346369
10.08328649
9.67969397
11.00425463
7.92305963
7.85076695
8.85635190
9.73728097
4.16528780
8.85650367
10.58245651
9.23324622
8.62268743
12.05877791
10.97270191
7.98793938
6.02129492
10.05996615
9.45081937
9.09871651
13.44960314
10.76474496
8.11363908
8.94095099
8.26865207
14.13324397
9.28634847
9.31018340
10.80740662
10.41722470
7.93323379
10.15518722
11.09247630
6.94281541
2.10838753
2.49593683
2.53548264
2.24713244
5.79915215
6.75121803
9.91224918
7.92624552
9.99103751
10.00126769
15.55332230
4.66875430
6.63285554
8.27136660
12.19714264
11.84600104
12.21964312
11.98069442
9.45307299
9.02761512
8.25102005
8.59732443
10.78212783
7.47113840
11.34694979
7.65320040
8.05406346
9.26846989
7.23855267
6.81279067
5.54484377
9.67623449
6.60722258
7.43244715
9.98723383
10.73692669
8.52090456
6.52645030
9.97124004
7.36185304
12.88630937
11.57094520
7.61256781
10.65671268
11.71490817
9.03866221
9.69322347
8.69181648
7.39921713
6.93784193
5.46127794
8.40195632
6.45096076
8.81475062
7.23332578
8.35333825
10.66773254
10.63292536
9.48229869
5.41915793
7.34770690
9.54849683
11.15171753
7.98212960
8.21473933
6.53001006
6.71558345
8.84163122
7.34684821
8.83242646
7.93892013
8.52610249
5.41340785
12.24645609
7.44258262
7.66509272
7.27692497
7.17886414
9.68402314
7.57742476
9.92996048
9.32820315
8.01838368
9.43227745
13.95925168
6.75252257
6.76290756
10.54355319
11.62207188
9.73331540
8.16771817
7.73917372
9.91091480
11.12045103
7.42929436
10.10634502
