10.82816484
6.77129243
7.41391145
10.52957006
4.17087097
9.85053879
16.49162783
20.11872044
6.91119968
6.72583373
10.34654910
11.45889447
12.06860960
3.70834543
4.38153499
9.70835533
7.70723700
8.62083806
7.95102458
7.11252187
4.35386460
7.71353524
7.85474531
9.82295466
8.52014974
10.60386156
15.94678108
9.70667616
12.13217959
8.99158384
17.27365537
14.15238263
13.26313900
8.36275941
14.02776618
8.83496016
10.74641728
11.22973173
5.72591105
8.88417330
8.91640970
7.45605534
8.98053488
8.71281046
18.75391431
18.87060562
16.85037531
7.16976080
8.33979388
9.82219223
6.78686204
10.61723938
9.58546147
8.43580368
4.80609161
4.60824914
6.35674255
11.52861396
8.68371198
9.24268103
12.35418261
12.21738763
10.29044097
9.52108665
7.55204178
5.55046247
2.98227896
5.13691210
9.22597143
7.59205483
7.90525400
8.65748101
6.58757708
13.18903848
13.41243705
6.09183068
24.87669703
8.24939182
4.44454961
7.94134804
7.45251828
8.25799176
8.79455161
5.97955642
8.37439871
7.51358882
4.15571249
3.21543315
5.14526671
4.69441804
4.43101395
3.52637761
4.52094732
3.82149410
3.86229296
3.73049323
4.97141879
8.26240564
4.96197624
3.90344231
3.73511273
3.25058016
3.04404103
4.25787327
9.39883306
8.75635519
9.70834743
9.13096115
9.72775986
8.94356639
7.16819234
9.73987307
9.29822449
9.66943992
6.06337692
8.47985100
6.71571715
7.89671863
8.12878031
9.50112174
7.47286852
9.27888794
9.63563835
7.26417999
8.57544643
5.34445172
7.64204965
7.76566138
5.80919560
7.63716030
7.26446736
9.00637627
12.05700440
6.19295659
5.83837216
11.44153600
7.67654820
10.88668068
10.05144829
5.19623547
9.42048013
11.39013226
8.61635432
7.82334326
12.01302592
12.66213327
16.94970317
8.09337470
14.29330169
17.74497700
7.60712241
10.37019534
7.92699680
8.32811135
8.16775591
11.53369939
9.89338648
9.07258273
8.53662020
12.15114891
7.31284718
8.68442300
11.63915134
12.59615669
8.56176167
9.89705962
9.32670890
9.39124106
3.08107560
8.20597577
9.03866842
8.25901606
8.71322599
7.07604935
7.93967326
6.62686999
6.41218987
7.03269053
6.79245411
6.28795534
6.33281315
5.93093534
12.12080162
4.56324519
6.65552290
3.94099988
6.18756664
6.59282783
12.43211517
7.13003018
10.09135666
6.92322555
6.28327169
6.76205855
7.71615970
11.70832821
10.45228313
7.43798069
10.19313293
5.80428374
4.04944022
4.26519784
5.76986515
6.44245612
6.23300452
5.82038046
8.19213686
8.03791930
11.74192330
6.03435131
8.45645870
6.11765964
15.56738903
9.12203293
15.72106190
15.67860486
14.61175988
13.69344737
14.46860290
8.99783941
14.59532520
5.80178294
8.59644070
9.60243122
7.22848329
8.72784018
8.07656254
9.14118781
8.80689518
8.23987472
8.70083064
7.76932303
9.95755529
17.11451961
13.69457092
14.43206488
14.83295845
16.40318857
12.76954762
13.17512623
13.56318171
8.54954115
7.90156574
12.87610548
16.70783296
10.23274967
5.67640283
8.34446622
5.54446512
14.71617441
17.22027584
8.67564556
8.07303712
12.54904937
22.92627865
15.10859720
17.63010195
8.54768915
5.21917927
13.42443665
15.61465769
15.62255812
15.01368241
13.73043189
10.32018723
15.42497102
6.29378175
22.22541858
11.43283413
8.85328836
7.57941578
25.16908992
6.03311246
7.67415986
6.51622677
9.75184828
8.95133829
17.77105768
5.12905662
9.28513591
10.35662002
7.42906291
9.40432434
7.26471505
4.03652726
7.54532695
8.94100643
10.37415430
15.10661183
21.55560343
6.46349501
10.33115429
9.39832997
5.27768636
18.44454828
17.78120826
19.86218457
9.89024904
9.24239832
14.47890924
18.15343833
9.01065645
9.98675050
7.94728415
7.77253184
8.45866833
5.96091063
6.46345641
10.51414817
12.89457734
12.77264064
10.94500239
12.05704420
11.93302787
4.77892232
12.00390772
5.29009650
7.83422145
12.99999034
9.86135456
6.50073472
11.88715682
6.95333344
8.38304732
9.92458459
5.05135444
7.57300611
5.04880479
4.62450662
5.36494299
5.35710358
4.34829995
5.36430470
7.31520392
8.39720465
8.88223361
6.91134408
8.62896899
5.01703552
10.36114229
6.61113902
7.23584596
7.83419532
7.38198925
10.22409560
6.84773279
6.24648924
4.60711780
4.33001929
3.78767608
5.33590840
6.07280119
11.92169458
10.92095962
5.85444427
11.39132975
9.78956721
12.09682651
7.72190374
8.51920838
6.00672374
5.39894295
3.77051357
5.99141117
5.68851311
10.14776214
8.90824806
9.18438710
13.30619469
6.55859764
6.33685971
5.82523374
5.30761639
6.94599659
12.27618273
13.75909882
5.03146106
20.33703747
6.52601940
6.82257598
14.13670807
5.79645264
5.25865125
11.75257906
12.48307694
19.24437405
12.78150053
8.01815693
5.51249897
4.82685683
7.57423357
4.94794254
17.37564088
7.16674527
14.48464460
6.31805823
14.87396816
12.73608017
7.40130081
10.07272854
7.45700645
14.90010086
5.91775059
7.32630797
7.74911424
14.77799805
13.12033404
4.50231917
14.90450536
15.73408017
14.40346824
11.41976811
16.63038242
15.19827780
15.45600750
16.29410217
17.68044627
16.47836439
14.32441009
16.98375657
16.21706918
13.83845338
17.12580018
10.52120063
16.29014611
6.79840174
11.91310963
10.30971627
4.50642062
9.64030056
10.40171821
11.08496115
8.43569182
10.22857001
8.87151414
10.71759335
11.24693358
6.65595068
13.62166117
8.68014908
7.24823931
6.22931742
9.19372442
6.50257916
7.66823495
6.24697959
7.33613967
7.56006791
4.26779702
7.27880154
6.42740977
7.43788735
5.45423354
8.10109452
10.88824306
11.16736418
7.78322459
8.39455599
7.23455009
8.24205172
7.12586709
6.41894997
12.06286238
5.48097635
10.47176630
6.96649165
11.65192887
6.79294707
11.13715735
7.12270806
5.98263241
7.18279674
10.72026698
8.49103261
7.51331423
17.27091982
6.81950667
7.00115642
9.51176207
7.25423375
13.89850366
10.55008456
13.96779426
13.46766887
14.07837973
13.50323865
13.39914159
13.71043959
3.51150427
9.91358922
10.54958103
11.85567799
8.42069531
3.03757023
10.93298028
10.06867490
8.07277414
6.38007016
4.59354761
8.03631627
5.18954722
7.45823327
5.64153071
5.71007350
7.91038272
8.26140609
7.44321397
11.35869396
12.85823115
11.23812178
15.41159007
6.15843517
15.20055790
14.65965201
18.12463498
17.60905014
5.16582601
3.75752644
2.94679614
3.81746405
10.08078945
7.33013790
14.80910889
12.75658262
11.05767458
11.62929517
7.13433481
7.20167689
14.23880199
6.23585611
4.91252422
13.49818988
14.02643429
12.15384872
4.96972990
8.99591669
10.20196203
13.15578412
12.67011696
8.60144480
6.90756272
12.52256599
9.32900193
5.11130271
4.27535733
7.80688178
4.19619899
7.04837289
7.51369210
5.01884691
8.74841135
7.36071186
5.59160063
5.89327968
4.22993184
4.64253577
5.79287080
15.34138035
14.97586378
9.35747552
10.92313221
7.72868662
11.19147636
22.01506173
9.78943736
11.16252467
10.29009472
9.91782572
5.39713819
12.78219387
4.33895033
10.49419504
10.75034301
8.93343767
6.83706371
25.17740725
8.60400920
9.77158736
11.77654370
13.86315011
9.20055292
14.32226446
9.59312810
15.03801017
9.88121276
15.49710136
17.90850434
6.64088446
13.01790192
6.14807727
16.45159651
12.69540882
9.59050419
20.36521563
13.98696926
9.67215879
7.08449120
7.69295851
6.21810862
9.26611916
5.00069483
8.10636931
4.32176895
6.74120189
6.53120010
6.48418227
9.91944355
7.00323217
3.84883073
12.15153996
6.94033453
6.68789448
8.12912788
6.67330643
3.69380681
7.21184677
11.37906330
11.59444275
8.22157467
7.94379575
6.44382340
11.06133884
8.24279967
5.85850648
6.49269748
6.15120925
6.42879897
4.52638803
8.67309668
12.10257169
13.05320934
12.93878229
8.50050459
9.54662358
11.72178652
11.98503189
9.65540341
12.40946142
8.38956816
8.78151656
22.85232157
8.63497562
8.92758140
9.06396820
9.47421853
6.77141917
15.57218640
4.61230887
16.53825949
8.50975103
7.86843459
31.54889930
30.62124019
34.22335169
31.59278122
21.79067508
15.50674232
6.30341641
19.36092161
10.99501489
10.55538002
11.06724164
10.73649034
4.66118607
10.63426754
10.95559171
11.14549301
15.54804909
15.11283579
9.19752172
16.55028239
11.26949982
15.76607682
9.94779165
9.15939504
11.30228489
16.68467011
15.53180052
13.64992994
9.62690692
11.64387946
15.96658802
14.71517268
8.92287723
8.17385355
13.70207767
6.78004683
9.65270765
7.46261603
8.39981101
8.81713603
7.43906948
6.20178952
2.98101231
8.33578048
4.54707466
5.14124728
5.65144138
4.40610561
12.90807893
9.60287022
7.83219412
5.45137930
12.06822069
8.55560517
13.32670177
11.86573449
12.18480108
14.60156421
6.94287165
6.71154053
6.51471464
5.51496565
6.35021611
6.32067237
6.51513487
7.13398684
4.46528703
5.52685422
4.29626865
10.73710155
6.42349582
6.57589952
6.73146373
9.01884655
7.89688607
6.12359665
3.96988828
1.22907702
6.53053295
7.05194475
4.59748314
4.09108158
4.19673500
9.57906086
17.74399372
1.26775555
9.98113873
8.99531274
7.84432872
5.30404175
4.74752388
9.53772916
10.99270723
10.38825810
4.93418687
5.93501580
5.11727149
5.26170919
11.83376850
11.67327859
13.27256261
8.26545602
8.88904401
10.45599527
4.19178648
4.98340818
4.39527137
9.09572883
8.06527934
8.49174630
5.37541241
5.15313790
6.34469753
10.64865887
6.00603929
7.63115498
6.62214320
16.52212595
15.98125188
21.13481149
12.96970313
13.26625463
8.61570220
5.74390170
11.62909807
12.89628710
11.18530727
6.89015433
6.36334320
5.74174733
16.45221203
5.38202352
9.13655425
5.78462525
8.48884483
9.28083208
3.45647220
10.62047672
4.30387589
8.48775283
4.89860388
6.21410051
6.02211803
12.19418020
10.43629293
7.12569022
8.19140619
13.15184771
6.56885940
10.37807692
7.68794609
8.16025369
12.54067281
10.72680580
8.41579418
7.19252767
7.13054382
8.87003335
14.27192736
7.40405350
9.02650752
10.45272807
7.75850872
10.94771265
11.00356333
10.89095625
9.45254069
13.46640601
11.18640614
10.62318969
7.55327434
4.05097792
6.33640909
6.73038945
5.50088615
6.26815351
6.66750625
6.51572304
7.05728104
6.68897951
7.07636124
11.03495201
11.17179791
9.33099614
5.15498893
7.20634035
8.48875967
5.68104376
6.40453469
14.08191258
11.47607605
12.00651989
11.44580044
7.29501750
9.47746012
7.00050013
6.56281779
3.74053813
4.42353421
4.90846449
3.50214615
4.88842677
7.20229738
4.56818515
5.59060645
6.63311718
5.72441231
5.53641012
6.96860768
13.52884515
11.99919687
8.08318354
12.29860470
8.52116811
6.58870888
7.32312926
21.53530080
6.68647067
8.79329627
9.13113851
3.88119248
6.66305054
4.81952481
6.14108077
6.90015237
7.22953236
7.03885265
7.85199447
7.96573821
5.36316832
10.18074755
7.09726314
6.23045948
10.50665243
4.46446269
4.09915173
9.00140940
9.47691408
7.22546754
8.90945461
7.57652943
9.54938875
8.67436706
10.46810565
9.16148992
9.29455424
9.85115227
24.26334066
19.05029107
9.70861072
19.18317296
8.61910055
9.18781807
10.02074953
7.75345683
8.20489213
9.32588440
8.03066612
9.97352660
7.17925780
18.77231269
8.57028805
9.40985377
7.12351731
7.83822476
10.88495735
3.46081185
9.57812938
8.51228249
15.37833449
3.44616614
9.47786825
7.31333757
5.14785528
6.50266424
6.42731615
4.60001707
8.73196993
14.36682871
18.98947980
17.09917155
8.17912783
4.66035795
4.49506259
8.34761224
11.00406428
11.07600807
4.74010759
8.29642512
9.93089927
8.31751062
8.66418717
8.50482971
8.34405290
7.84147005
8.55488346
8.45121645
8.03748492
8.19107137
4.47344911
4.62859457
4.22380786
15.58549469
4.05839157
4.95457856
18.82878670
12.83514991
9.99872368
10.87568422
15.27947446
17.47146086
5.79590783
21.48642165
10.66611835
13.11427014
17.66456583
14.45965167
16.59253479
7.78818975
15.40518482
7.51165964
14.16488523
9.55769904
9.97436994
4.66316233
12.38608377
8.28326160
9.56644516
9.62698469
9.55734862
8.33635775
8.39260151
11.24460198
7.75608972
4.84200620
5.90084293
10.73071306
12.93470405
14.92658522
9.29592167
4.47938163
6.85362364
13.90980573
8.53887498
17.04697341
8.35224443
6.82231952
9.11905546
7.90096054
8.41256649
5.11539302
10.63035849
11.38462104
10.94482913
8.85203254
11.63949247
8.26580719
8.75133239
10.52575328
8.50565156
7.27464927
6.99322723
8.01740739
4.50468553
7.28234973
7.83285458
8.45907575
7.80566389
3.82625243
7.20429502
9.16564250
6.42423124
7.30774726
7.60974384
6.72536286
5.52726610
7.07252550
6.37838878
12.67931017
16.40888272
15.76839757
16.25937355
12.89914647
13.96185847
12.16310313
4.88455531
17.32414928
4.41195426
5.84615799
14.52752214
15.97021030
13.55532807
14.47166360
14.40841697
5.43683966
4.75480785
15.29063959
7.87242267
11.81933386
10.19226217
16.01165137
14.28425121
15.50495907
20.08383746
6.73936741
7.83908012
8.45907885
7.09642155
6.03384591
7.73230749
12.93643698
4.51506120
9.30741130
11.71176669
9.57879795
8.50528917
4.44644753
15.17229042
10.75352858
7.54375549
6.65815186
10.28995065
20.24012032
19.03376309
15.51846406
14.54985483
14.90712829
15.99913062
2.00943438
11.24491077
6.97224378
6.95105227
5.09423255
5.25538829
6.57680466
5.07267682
4.75627596
6.98625279
6.94094657
9.31239909
9.50023270
7.60514417
6.70013515
7.95037941
7.92268518
10.71515010
8.94473021
7.90141274
14.12995668
13.17566521
10.27182459
4.85095162
9.05389517
6.85249718
5.19672004
10.01046583
6.76052540
4.80466559
3.03365350
9.93129791
7.94894960
6.95832814
6.44864753
6.64504845
15.44623294
8.89879961
5.31802825
11.46351823
11.90262247
10.97057092
9.13732321
6.46899976
5.69194382
12.31386805
5.86168365
9.85295818
10.44735601
5.92821491
7.36127992
10.90938305
8.48537398
8.92031380
7.08156166
6.86843210
6.14766286
3.21027263
6.34359382
3.94294652
4.06428637
9.71679844
6.83465440
11.91791172
5.13684337
7.73470898
10.16103810
8.07576946
10.79387277
10.30375184
4.69572504
9.03674448
7.56911024
8.21979956
7.73801902
9.70296227
8.53668955
7.06412347
6.76218864
6.82844806
6.71440292
8.13742638
3.47555678
5.40732374
4.53583480
4.58336356
6.38912352
6.49064114
6.53530105
7.01714580
6.98315597
6.84502649
6.77826156
5.41101915
4.97304466
6.39876957
4.05270430
5.69537542
6.83241871
7.96879590
5.52191198
5.59053845
4.61076621
5.96322478
7.22204474
6.50191803
5.81884021
5.16163017
9.86826633
6.80748700
4.75438350
6.73365892
7.03047185
6.29722538
6.91370515
11.60127616
15.29306103
6.80671700
6.55430648
11.81015205
14.90386249
6.70810338
15.66779046
12.23933692
8.45935748
8.74922441
5.05814819
5.21835395
14.32575185
14.48698551
14.13382282
4.65642949
6.94882952
7.41187845
6.56495880
6.83679508
5.11217100
11.03184230
7.21306326
13.39420865
11.20470706
4.74484299
4.12494738
4.58018000
5.14567393
4.66279756
3.19961312
9.36581756
3.80709833
5.46674320
6.14183932
4.71102800
5.04811021
14.61726171
5.55612167
16.38553881
15.74987233
14.43246686
8.60036117
15.56520462
20.12983182
20.79242093
6.18142052
19.61804781
10.74981690
23.44679940
6.05150159
3.62399150
3.12282253
5.96733953
6.19764965
7.11091948
10.21618439
6.67050977
17.01235571
20.95648449
20.89491398
10.21141999
10.84411232
5.70578961
8.28848871
6.58488247
6.25305959
3.59998944
5.05307896
4.55372936
13.19074903
8.34727557
14.24848003
7.55907261
7.97273402
8.87747304
17.81414344
16.64783659
8.80372292
7.68177227
9.25757277
10.07520662
16.07081273
5.50099405
5.90205517
8.71798118
10.10659487
10.71861737
5.89363396
6.59268359
7.88189870
6.42588846
12.46433999
6.99918684
3.88966251
9.57557866
8.06157813
6.83479509
11.06549000
11.79641110
8.86922523
4.60854702
3.70823600
11.26655381
7.15416011
7.79845529
8.60268104
8.12990040
18.01908282
9.18676269
8.41530913
7.89582583
19.44164956
9.79608088
10.07323318
13.28232141
5.97245007
13.65909154
7.19798596
13.53188601
10.89628974
12.44684638
16.07493482
12.27103991
9.57755941
13.34013597
6.62335114
6.63973776
6.21085840
8.34369292
6.87939226
5.73364204
8.94724864
5.31992036
5.11552632
6.06172482
9.38396102
8.45753711
8.56810721
5.39872276
12.83612503
4.57127790
6.73560720
5.41451256
5.02484188
5.33454100
11.11299552
3.56416110
13.69940837
3.99037091
13.60805847
5.59393758
5.89893789
2.98157532
14.32260156
4.93181867
14.35634172
6.38077960
18.41630856
18.91368523
18.44577715
3.64223806
5.65807779
5.49535105
4.30795771
3.32373609
3.78035465
3.71748421
3.40846203
5.20258550
5.60124159
6.49988160
4.75877828
5.97308421
1.52255078
3.19737245
4.17726851
5.72920939
5.24987718
5.32363358
5.34381736
8.35474094
7.30175086
7.20309186
7.14959334
6.77902834
7.36718308
6.78477769
6.06159489
5.42470002
3.26249255
7.71099175
8.19223541
9.26526497
7.66428301
7.14969370
8.08716683
6.13942597
10.32839021
15.24377874
16.72015961
10.11896035
6.69404154
19.34200229
7.65510989
13.59472517
19.93604388
8.61672389
7.04155024
9.01387621
26.09365162
15.68829627
10.83008192
6.68782142
7.41061951
6.87675872
7.42446810
15.34285803
6.55576468
12.44955182
6.93040396
16.69740417
10.57229254
14.28154407
8.71881516
8.15760472
6.09049321
4.10034244
5.91540035
8.90765312
13.02602310
5.28381559
5.21876300
6.27168829
8.36186827
4.49578062
7.67144309
4.85866170
5.30327447
5.66127483
3.46612256
4.73143799
3.70710176
12.08564183
5.13692692
6.66424926
4.36767689
9.04061429
14.43200098
8.37589170
9.71134195
7.23360710
8.59153198
10.79889855
10.23573639
5.07691711
2.86702238
4.93642491
12.05250046
5.83741139
6.77041158
3.67494058
9.52885998
4.54162867
7.23948517
5.68093773
7.82593888
8.49494881
5.82055727
14.41685734
7.87526627
7.98337161
8.98455486
7.66255551
5.61872677
12.05706396
5.48563169
4.13821492
6.41110420
4.25360709
6.74542630
6.83176061
12.75295957
6.28996696
5.04096232
6.72298402
6.61520440
9.17877481
6.45077115
12.35420773
10.35607321
12.17357508
11.85443720
4.77748799
5.46840686
2.70588741
4.27294069
17.06290105
17.12211428
6.92532757
6.74063374
4.55083174
6.82585003
7.02601437
7.31730777
6.86730868
8.87901204
8.24145369
12.75464094
4.77251082
8.61736620
9.49169559
10.00244891
6.69301652
4.68256467
4.29768558
3.64203381
8.90030712
9.33664399
5.36780234
9.78336967
6.05613878
5.69854722
5.45255999
8.47446928
5.70435730
5.55573322
15.89761250
10.16341702
2.88844844
4.35871040
6.60414243
7.14182513
12.63352946
16.22546652
7.22023376
11.07763417
5.37559011
11.33576698
14.47818223
15.19852333
9.39135190
9.84691692
6.50967259
5.16764152
11.34808909
4.43232485
4.84734033
6.49792690
15.89052583
18.93637968
13.05824917
12.92981441
11.49749606
15.17212366
20.22633594
7.13289963
16.83197743
12.10014734
14.39714955
8.71335032
7.09422115
7.65721926
5.33271766
6.19461560
5.84018081
9.74569098
2.82307246
4.26074410
5.27278330
7.70778453
7.95438198
17.93095411
14.79144815
6.59911219
5.52549647
17.08347515
15.85187122
18.90680301
17.54727021
6.55774861
8.21943128
11.91434758
15.83956528
15.70897129
13.80967328
15.27859181
13.50177831
14.42868687
14.57449273
12.54191538
4.70868234
6.51635531
6.44170725
12.83610872
13.96486749
14.33147030
6.24228044
14.90042615
8.94833414
12.16081258
21.48814424
11.66837334
20.74015760
19.64047838
21.47105898
11.28507058
8.52867914
5.46782812
10.50136605
14.12862389
12.18639462
12.89633547
10.63469232
13.60156613
7.32272320
8.14671823
10.02103198
5.54325803
6.69635947
7.88933579
7.10503371
3.82677893
7.43694152
7.92710516
7.34777430
6.33670726
8.32937048
8.52299049
8.29129303
7.09156200
7.14424881
7.98982701
5.42915770
7.52089125
11.80054775
12.34837754
12.63151655
6.13491948
10.73723608
7.21388471
8.20448258
6.38103564
5.56146145
6.15860804
7.14838843
7.87627469
5.64821291
6.38249968
6.13063969
8.81342929
9.22331656
8.91578100
10.80101611
10.56217506
9.91840390
10.35363454
9.91848629
4.72482440
6.74539144
4.09374398
5.40528799
7.90580136
17.37342409
5.55160830
4.62549633
6.44789840
5.45021099
5.77296707
3.98289499
5.68207950
6.21042248
20.17147037
24.78425269
16.00244469
17.24918060
11.94238722
4.62600928
11.70725165
5.86249658
11.65369083
8.90984602
8.53410668
7.32759781
4.49895266
8.28153160
7.20716692
11.47526856
2.52691934
9.13136179
8.77969875
8.26200259
8.88089583
2.39644545
2.42209043
4.13354543
1.74135952
8.00370692
6.12683346
8.10308129
7.15770290
13.25475485
5.58480604
8.88970780
8.73396607
8.32052968
6.14979435
7.56553848
6.32644445
3.89644537
6.53677822
4.89242055
6.41189681
26.40791488
8.49669711
5.57407015
9.25811714
9.16264797
21.35667171
17.94315178
5.32059927
4.74853991
9.60137051
8.09701126
9.47309566
13.58370228
11.86538096
12.84030899
14.00869934
8.23127856
4.78590009
11.57150063
8.19381613
8.68599733
8.24060482
5.54767070
4.87663540
8.31870811
6.10383001
6.50126860
5.17778052
6.60140647
5.02998351
5.33349053
6.74659091
7.42199940
4.32842164
7.63938249
5.78485051
6.67631809
2.24153127
2.05727200
6.53559157
8.07201102
6.43586789
5.46438291
5.34612288
6.08667527
11.72304101
4.51704323
5.06090135
6.07392868
4.08784298
5.66639902
3.83839807
5.51511544
6.76110536
3.10351469
7.74843984
7.48445225
4.57143541
2.70910603
11.03134031
4.80438626
4.79270978
5.37533785
7.83513724
8.87929913
7.78724144
6.84101829
5.40438379
3.42435771
5.89902676
6.31914784
5.07169711
17.26533774
10.83241355
7.39347863
8.33503038
8.05755052
7.60049432
8.22208710
7.81166886
8.62903255
10.45464453
7.72982424
11.59591270
11.04869716
10.26344948
4.04787854
17.15426800
4.17000671
23.24869929
2.38533417
22.69642730
21.97626860
3.24448310
21.18446116
22.16409696
21.49333211
3.52730632
4.00572759
7.81683483
21.45475587
7.23131821
4.24663922
21.82794499
21.47712837
3.15204500
6.91607548
12.42323097
8.35513956
20.24979583
4.93995305
4.63091124
18.40774027
2.41945146
5.81467619
6.26525167
7.07621785
8.62052566
9.55138394
11.93775302
9.91705353
3.76190152
4.36446179
7.83492711
4.47634750
7.86150604
4.40809210
10.34433623
10.18297970
10.29517581
8.22570418
6.00979932
8.65024615
3.96800213
6.99654362
9.23595803
7.90324296
10.18376773
7.58168993
9.47195929
11.11049416
10.26504201
8.32497468
6.58399589
9.23191227
5.17630479
9.67426014
9.51973191
8.15767341
9.00832752
9.80719012
9.43270664
8.26375324
10.51252547
10.76615248
10.22691818
7.72827892
10.62398151
5.83744339
11.46196050
11.74026265
6.31821361
9.56510561
6.98334538
11.28179517
10.80604481
15.85167852
23.99230576
16.27856830
15.77024032
18.21369206
17.24722170
15.55468131
17.22468368
16.84841614
17.65531370
17.13874670
8.33567158
8.67810362
6.74795417
15.63490059
12.14108289
15.12186903
6.74240454
7.79864465
17.11068454
21.15261447
4.68771029
8.07415046
8.18944935
24.54975156
17.22136208
24.27123492
20.35068628
18.68480099
24.16493520
8.02812640
20.50119813
17.69870363
12.34944450
13.90924546
10.40946190
8.81131732
16.36617403
13.61982379
15.50746249
5.37547271
7.19130911
8.07164178
6.51007769
7.81657383
15.18496998
12.66051063
13.26472217
14.34662645
8.76939658
15.49453880
15.35470807
12.17106629
9.11164416
7.21713381
9.09836251
6.69926581
12.14276559
7.02051174
22.10586449
16.39549939
2.83941059
15.94943708
5.32899524
3.91783679
17.89913025
17.56997605
6.60726187
18.26112580
18.00334004
16.41403527
18.60080368
16.67390895
17.35486181
15.78968896
5.67890604
25.94403730
24.40179536
10.99440132
24.62575406
7.52438462
17.61019760
19.69173182
17.33037853
7.94115086
23.31901951
5.30486361
20.84433310
17.47889371
18.90463207
19.86547628
2.51037602
4.43140283
5.91621924
6.64007423
6.58154921
4.69160024
4.69365734
6.75557812
4.82476773
7.01392624
7.03923063
6.66955828
8.62878863
4.69527289
4.94283099
5.19578567
12.21633711
11.04214418
5.08477656
8.04445274
8.72537112
9.42602358
11.19922614
11.66307996
6.83751207
18.24356589
17.22711223
6.76728378
5.82294098
5.72778210
19.35702404
17.16375967
21.99834794
6.13283970
5.10347877
4.44274133
5.00420182
4.01151099
4.62436445
4.08902280
5.97046638
7.77988834
17.81609759
5.30549484
19.03826979
5.00993980
6.74771302
5.02686191
6.30821496
5.48165443
7.11461184
7.78594554
7.08697463
5.74185277
4.94413900
7.06258044
7.15189102
4.17043632
7.87600490
5.35943829
5.03925411
4.67912134
5.67305557
6.99853760
5.54723331
3.90770872
2.97200235
7.21711579
5.59979633
6.04453223
8.27953915
5.47617576
6.76856249
4.22031245
4.72635098
5.09121640
4.54705508
5.63383919
6.51553898
6.51157261
9.07676125
6.82803786
8.71437642
10.19319172
9.30866291
11.72724814
10.94759162
3.73146498
7.18129024
6.68697007
5.14217044
12.66572119
5.33482838
6.40633578
4.99636902
6.50328563
6.24164287
4.31710709
6.78170118
11.43899748
5.80080672
8.00424474
4.71934881
3.92327189
12.84264971
9.44718508
8.96088910
8.59498725
7.79623799
8.20290633
12.59520494
7.57327997
13.38759618
11.95702531
3.87510381
3.96613661
7.94719086
9.00404352
6.41543652
4.96048938
9.02189932
8.11526161
9.06320546
8.49578822
5.04015631
9.42891123
7.86226445
8.31827840
7.49585165
8.52594187
9.73828931
7.11869762
7.11394586
5.58584935
5.95697507
7.95594097
7.04502117
8.07957253
17.07171778
6.24505276
18.99831449
9.01199869
13.71743585
11.54704878
11.04581915
14.90503165
17.58704037
10.32764197
12.15156744
12.75446203
20.76465737
9.57038383
11.66960580
16.45720589
10.45930286
11.62782694
12.39033616
14.36593586
16.22347630
14.18834901
13.84623113
15.12532950
11.96184571
12.48490672
5.19603178
18.59063013
10.53746897
7.00171630
5.81413485
7.15310871
7.78275816
7.72065295
5.07727603
10.08892878
9.87507837
18.31139358
20.20760112
7.77011076
8.32549073
8.45647617
17.62976224
3.63645344
4.67078611
4.37265864
15.35403342
15.68304173
7.31934590
7.19881509
7.08858849
6.02637894
5.47645216
5.28495268
8.47091307
5.58158167
5.21553890
4.25450158
4.36302577
3.56502428
4.52095123
6.10680654
12.82853322
12.98125355
5.08227091
5.82421773
7.71308497
8.05504702
4.46532106
8.10934989
4.39795482
5.44204745
10.13009733
8.32471970
21.36723383
3.52427999
19.04020845
7.38447775
6.57212496
4.81774555
7.52097983
7.30942154
8.72835901
6.51100394
5.25808662
10.27444249
11.18341172
10.27257836
7.77621172
6.84316211
4.77192353
7.83759583
6.37696965
6.69320202
9.62365320
6.95590118
12.78015165
11.99117661
6.58503940
8.45864748
5.73916689
6.75829048
6.96517999
6.61132209
9.91533383
6.29530550
6.52308605
22.91062715
6.91513427
6.89450321
7.46785388
7.40804678
12.00753222
7.63989044
8.24607316
5.10877043
12.78202773
7.95791061
7.66926748
25.65638247
17.55566077
4.44787479
7.15912219
5.26297794
6.19565598
6.64262778
9.42357434
10.60336171
4.37238558
4.73326038
9.25820545
12.30577237
13.28624084
14.86399834
14.80173745
13.82218189
4.69760581
9.57278771
7.30390641
6.36862285
6.54811609
6.67203400
7.92357339
8.08354817
10.46555702
17.04855692
5.20207279
4.83363494
6.07814947
12.74452001
4.30856348
4.26616103
9.63539360
10.71072540
5.62013977
11.85407237
17.33317873
5.56449200
8.02304944
6.13766731
7.59962671
7.53561036
6.77731901
7.97580637
6.60784200
7.17695323
5.49995277
10.20290381
8.36829474
7.63616589
6.69344126
6.94364840
5.15430006
5.59312877
5.50573482
6.07895958
5.89829817
8.59406827
5.54340610
6.80254485
9.10756176
6.30820107
6.41483392
6.74901862
7.92486115
9.02418384
6.24273224
4.27766830
10.12201432
7.23288213
15.85720385
10.08713975
6.13733793
8.13039327
10.72856968
10.57826366
10.18343141
5.89702550
6.09141151
8.09368648
8.07444313
8.63096186
8.33531645
9.45765045
11.31929027
7.05758156
4.75462601
6.70216080
6.72955195
12.14792518
7.10490708
4.83285533
4.32610807
7.05882986
6.78491120
7.82740839
6.98712139
4.89560685
5.01872991
8.13635929
2.24861029
7.18035863
15.10085466
15.17899631
4.27433640
7.70148541
6.78466365
4.77550205
1.43000918
1.53461045
16.73521382
17.23116530
10.11724880
5.02945848
2.50288829
2.30006637
3.34398669
14.71689631
20.38938912
6.72248791
6.40006175
8.67197040
5.62602019
8.46656099
22.50333856
13.74952298
22.55114387
16.21300575
5.77767448
18.11248310
20.20054380
8.88462522
8.22442444
4.80207329
4.42777296
4.84853217
3.70715947
8.58861821
4.74528074
7.73075055
5.24244823
5.73798889
7.27278354
6.82025415
3.22233712
3.58378591
7.01077758
10.16565140
7.09754103
10.59746240
12.03447840
11.60278120
8.88397929
3.93105173
6.24169665
6.61109912
9.15537240
10.34225857
10.06191614
11.07217344
10.92302895
8.35600407
11.55226973
7.35830905
8.99301305
10.87398182
11.42927183
7.76830804
15.91369999
5.76529716
15.08695371
6.29211052
5.66656653
5.06185157
6.34951415
4.45982609
6.73399293
3.88199936
10.48693256
8.02563037
5.14799676
6.99345586
4.73112817
7.10854024
6.54407196
7.34639285
9.22313690
15.62015002
10.59631223
17.32149806
4.67161671
16.37236536
8.79670648
10.23447835
2.29109793
11.65121332
8.50441612
8.96675858
9.53928428
9.75054188
15.44970217
14.32350956
10.82380909
12.82080311
12.92971773
11.36932494
13.67845816
14.58629736
24.07379636
7.10876137
3.47973831
2.18347318
7.79255674
8.02929150
1.65438981
8.59268012
14.06392488
3.59935370
7.58086555
8.36188252
3.91026283
7.05406883
8.38956089
7.92771709
4.38434383
9.88565745
4.87378259
7.71673239
12.41482139
16.23987782
12.93465232
8.67031257
8.22380031
14.32552168
8.89776375
13.25618864
5.11098020
7.34209593
8.86093848
12.68380214
6.44478323
7.59596548
9.13314747
5.39834002
5.16154655
6.81277084
5.74443452
8.90493552
15.46203973
8.82096597
6.11536968
4.12072973
7.41639201
5.17051283
5.24816230
8.44837099
9.29295467
3.50909583
5.35616860
9.88217400
8.04008180
9.59885965
7.47660706
12.79084882
5.90278706
8.27792528
9.97422742
10.83093700
9.84132096
6.12459163
8.77454952
9.19052978
5.42179713
11.10875037
4.80986589
8.12815291
8.54020935
5.37023707
7.25208833
7.26448265
8.42610080
7.93059583
8.60109959
8.57706632
6.57604545
10.06568511
6.10379879
8.83798570
9.82973912
8.72944438
6.17896388
8.72510327
8.78570026
12.18054206
6.84342472
6.74620439
13.73083349
7.07591081
8.39102490
5.89841253
6.93657692
15.64217189
14.10981226
5.20666542
13.66622925
5.23178484
11.24102565
8.43366876
8.63544174
8.91795302
11.30444316
13.06303975
9.22920678
9.90103429
7.71659524
13.42158701
18.32171631
11.89280656
10.57452086
8.24198400
7.83704288
6.76620336
8.54175162
4.85262160
6.13698520
5.15953752
9.38156275
6.73050018
4.96851112
9.81466058
4.73582869
7.79581923
7.59089590
6.98213843
7.41071902
18.41731802
4.03312030
8.84834737
7.03683771
11.41011566
8.47585630
8.63226178
7.51329733
12.03787468
15.58541096
8.46583375
8.66017518
12.42239304
6.73068754
6.93628653
8.46544722
8.70294932
8.09171655
8.61604707
7.62072755
6.89866947
7.38355488
7.93947130
7.26670497
5.22681892
8.43021815
4.39595089
8.27372567
8.27189032
8.16682914
3.91673543
7.99015081
9.65149961
9.60332140
9.76258567
9.07521940
5.95345406
9.98037614
8.73248690
7.62626586
10.46405272
12.68893904
15.11990877
13.16080931
5.29723983
9.09435604
8.43932834
8.61461287
3.67513240
10.33898885
12.65234657
8.76529101
12.28559629
8.53535981
7.72365513
12.57489505
11.00959224
6.72240039
8.82114590
9.16366366
10.66863731
9.46223881
11.44499962
13.59697307
15.25627741
5.17280759
8.78830914
13.83055159
8.78040638
8.13258493
9.03235068
7.08557676
12.18610096
9.16659208
16.21153409
15.37126650
7.91542001
4.66311457
6.86288258
13.28807515
6.36997496
7.30193205
7.08732684
6.93168563
7.76766165
8.32150720
8.22616074
14.11794944
16.48469570
8.59962472
11.69772641
7.85786818
6.70836121
6.43046303
7.07608339
6.07307284
7.00113433
5.99778330
9.69102635
6.35056449
9.96689570
10.96786677
6.80646421
10.78146429
5.47148125
8.14004358
6.16844027
7.01478733
6.52122969
8.81309305
5.05981151
4.97236855
11.71250103
11.17338232
9.46028079
9.66319123
10.16376969
9.98873600
6.80864361
8.95230332
9.19359314
6.94170591
8.62099013
12.74869867
9.57148426
6.73468755
11.03650884
7.48617461
6.36701261
7.43190775
7.38865741
14.40155196
14.11780252
7.00155938
9.54100574
14.45711288
8.85639464
7.50085614
9.33918576
7.15967011
9.49176108
6.56288218
6.20832878
5.53231638
9.45177685
8.99832029
11.25095446
10.03272687
3.25305937
10.65431190
6.54982978
7.73520592
11.63944841
20.19249825
6.51545622
5.56297478
5.55917638
6.72191747
8.90281448
8.21377106
6.99678369
14.41106860
11.44015440
9.84821342
10.36363225
7.79035127
6.13518201
15.80763956
6.70616377
5.36155686
10.14071918
8.23567059
9.23733171
5.99641477
8.71636636
7.44434248
8.08822536
5.00545382
7.22748054
27.65451316
28.44102861
16.37729680
8.23712867
10.90078451
13.80317327
8.40503548
6.97375131
5.50244653
18.41388065
18.21985270
22.15979284
22.67995579
4.65795555
22.30137773
20.30015941
5.93791320
6.78283590
6.20241423
6.33393583
4.17939881
5.89486740
5.96768659
7.57867347
7.66618886
6.88797087
7.80474598
7.55240496
6.57371391
10.71097765
6.27032985
7.88553960
6.26836026
7.51445584
6.63475321
8.24608971
11.33564190
9.75592701
8.11266630
10.22661973
11.49529532
9.83646238
9.62061353
12.45495266
5.56516725
4.46955556
4.82492571
7.60611933
8.86883329
8.41109161
7.37837962
10.83753955
12.11992364
5.14815573
11.21240201
12.05580575
4.75839935
10.95529620
6.26881452
11.11007792
13.95357499
7.90597068
7.69888701
5.79300387
5.43672395
7.90823356
4.99226415
14.66238139
5.39304422
6.89781472
6.84769211
7.14077624
12.84073947
14.02570411
6.86153071
13.43753134
12.77962258
4.24674162
12.84353178
4.94415762
5.32745370
6.87206116
6.19984768
8.15610377
9.15280699
15.73425888
17.77593924
17.00490336
20.79092258
5.93940822
6.62408998
5.22697009
6.98395626
6.73087148
6.32115281
22.11129507
5.78270840
10.32507928
15.62735643
10.32279362
8.99286767
2.15909055
9.99282961
16.81609322
26.53079235
23.24223516
7.59052700
7.51236187
26.92089506
26.70732550
8.02837421
11.72158299
8.48315414
11.43588716
9.01936385
8.17862363
7.61265170
5.30890343
6.34858358
3.28396462
6.36935672
5.70614669
6.73881279
5.22795083
4.79693927
9.01909221
4.00595896
5.80847589
8.02915141
9.27949932
4.73286010
8.27202351
4.27145745
9.83457949
5.02186048
5.05382401
3.64569052
6.18316497
6.04342104
5.35778820
6.00809438
6.05572895
4.10210715
3.48264571
6.78446217
4.18034328
13.62045421
12.06923224
3.94532919
4.99994934
4.41281126
13.89504330
6.37121022
8.50147133
14.13751793
8.54034027
9.19585012
8.83099604
7.70538879
12.90935183
12.56295265
11.64496862
6.57166783
7.99259990
14.53319859
9.75724587
8.26333490
7.09709215
14.56831961
6.10852520
11.86952992
14.19044476
16.37559286
16.16722178
14.71447689
14.80913574
8.81129148
13.42431130
8.96303275
13.63863976
8.80338904
8.59466108
14.90115487
8.39591499
8.69594131
15.61166456
15.41826706
16.12472937
15.23246774
21.44073364
14.73089552
14.55723186
15.86670950
19.81604176
18.75031525
6.00824529
4.90462664
6.78827806
2.50141947
5.74199158
8.91589194
8.42693615
5.68630969
8.84151920
5.40930532
8.25893650
6.37332794
6.19888727
6.05913775
12.97268657
5.88114107
9.73832655
11.11220985
13.70121854
7.13947474
5.78128559
11.38611043
4.70493863
11.88026202
12.99166027
5.46087125
10.45744555
10.26821127
11.22955116
8.54246710
10.09893238
8.70023084
6.46897400
11.17677839
9.80715451
8.35518618
7.94127184
9.69111076
7.38611960
8.71756131
11.09665178
7.07015428
7.32861292
15.24239533
13.91205315
8.30503031
14.08093987
11.67714196
14.14373957
7.08105996
13.59309125
8.55974414
15.89021887
7.88704565
8.07553117
8.59045181
9.41375089
7.46192867
7.47058405
8.48685200
4.77937606
9.43653489
13.79041278
6.85347726
7.69148582
7.24793701
9.74540099
8.10402801
5.17644008
5.31232664
5.44955515
5.43178091
18.08308826
4.61309001
10.08693891
8.98780618
3.81235728
2.96154694
6.14177777
6.64799600
8.65855593
15.57763313
3.61072498
14.98711928
15.44478075
24.24699802
22.95181499
22.31546827
7.29710697
13.77520245
13.56313515
6.19328673
8.94311675
9.21260269
3.10289983
7.28153380
12.25534873
2.91604663
3.48302479
3.47333756
4.69139213
5.88922392
4.15045391
3.75021437
3.54911182
4.84406687
3.40866288
3.54564889
2.66653032
5.80804068
11.89760749
8.56992501
13.59491105
4.06677103
3.83029151
7.00437732
5.40782378
6.28664850
12.88739766
6.26190137
7.40658979
9.51266674
5.23668780
7.05589565
6.31917754
7.05734180
10.19303862
7.05459221
7.50312543
8.22749328
8.62476211
8.30038503
6.75092648
10.14776010
6.10429501
9.92281131
5.74212488
7.67257996
5.63761851
6.80199815
6.93422512
4.48770839
4.78733668
3.98289638
9.09978361
6.08474639
10.48861508
10.93570575
11.41447398
12.56692478
8.60238567
9.93198782
15.48958363
12.60271117
11.49244982
6.48906295
13.35652549
13.55976634
13.40228578
16.80331939
11.11782878
9.27307756
17.14340454
12.57088410
13.09713088
12.17685003
14.04862344
7.89582304
13.64628919
11.11642009
9.20443330
9.86891650
10.98664867
9.02881287
11.75177291
8.15034344
9.45795617
9.45841793
11.48485868
12.32257111
5.02679777
18.80010661
23.74240631
7.16186788
18.70400160
15.48502958
17.09873401
14.02052123
6.95049157
16.36289393
7.22789196
3.68467129
17.38237682
15.00684483
17.06635551
17.32431126
13.33771161
6.09148320
5.80463258
5.83105824
6.02618894
6.11814949
14.81185508
14.26396579
10.09179795
17.85282205
18.58731677
5.21217084
20.00199071
12.47385151
4.84971541
9.45177937
4.87318530
21.74745138
25.03440401
18.09039395
8.45662454
8.57253893
8.66145954
18.12600135
5.32794767
7.48532926
7.38741469
3.75393902
4.89503107
3.69212974
7.48151901
5.32195449
2.99953601
9.07195508
11.39380897
6.97133271
5.94728807
5.09382016
12.34337976
13.21783123
13.98032086
3.98659180
5.70406591
15.73295255
6.38990758
6.34531627
4.50363335
7.03348425
6.20303855
6.09616550
14.11812180
5.57600685
6.28192081
6.20280161
7.29965777
4.33124056
7.20070908
8.08246410
5.89427990
8.87375365
7.11843415
6.05465111
5.72216544
7.31734864
5.37319680
6.73487529
6.24589829
6.04318924
6.97436773
6.02613857
7.59394000
5.62166309
5.79045343
4.81753436
6.44438154
19.81811000
6.41722123
6.51614394
4.22158199
6.92967325
7.67451478
11.76045515
10.47560189
16.10310322
16.28922479
14.23934600
15.58330479
6.08476175
12.93428871
15.14712905
6.44776211
15.31693638
11.31581574
12.66577779
16.48654588
15.70090396
15.85144791
15.29283251
12.82577165
15.04450857
15.29941166
2.88761172
15.72732614
13.09969235
15.42519722
3.96787936
20.82168778
16.10842383
17.67612215
17.37654889
19.78431376
3.91444518
17.18923760
4.90075369
19.02250724
4.26918274
8.81447271
7.11671082
5.28506042
7.92210658
7.72948575
6.85587115
8.06905472
7.39418642
7.27953157
6.47045302
7.97551432
14.24260221
9.40393251
6.65895101
15.89549462
5.52441640
6.24075161
9.84000326
10.45352238
10.82146552
8.18901782
18.64367720
11.95871057
6.88243995
6.96975821
6.09070555
6.56707118
6.93242688
23.56859937
21.87643831
16.04248263
5.99044653
24.00401401
22.54103507
13.10626033
9.92790280
9.80325392
7.75675182
6.69675098
14.74148554
16.07094728
4.73569612
12.26179895
15.19154002
12.23220631
5.10914365
9.65925798
13.76807785
8.69352790
14.01458883
8.63759881
5.85116206
3.76600310
11.18092687
12.62321229
5.28971207
3.82760851
17.04373714
14.87211913
7.03062070
20.41120520
17.07264493
7.49985381
8.02070871
7.16680789
7.50291614
18.10324958
4.23468911
13.91507965
6.95876896
12.03175091
12.23323741
5.27318022
9.15022059
4.93139100
15.33138789
8.89112463
19.37537979
15.92551432
8.26277801
8.81403136
8.58652394
21.17331736
20.76150449
20.70999202
9.20990186
7.13242642
6.65290729
9.45649332
5.33170637
16.55281888
6.38467310
13.19060818
15.73955637
13.86284845
13.55191403
14.10699302
8.49740613
8.21769938
6.02520364
9.03128158
5.37032037
8.24704332
6.33287623
6.66456325
7.74766989
7.41862165
8.36418038
5.43958464
6.41804702
8.86569557
6.41451019
6.22148442
6.57986740
6.39554558
31.09234267
6.34247809
26.55619516
6.59737130
7.40144441
8.39872557
8.39528945
6.37255062
8.02099467
8.77411967
11.34413642
8.31838590
18.30875916
6.80076413
5.94545600
7.55649026
7.96076023
6.33183998
5.41205579
7.21736561
3.58188723
3.07956592
6.86359172
4.84912923
7.36232358
6.72760820
8.16674310
6.93286539
8.99678625
12.58223366
8.21398784
7.18717083
13.07423463
7.69697113
11.15334858
11.99653016
10.29215691
9.69717771
10.13688742
7.57968129
7.25331025
6.27169544
7.07892127
15.03382634
7.56967133
8.41495869
4.11144889
14.74165529
11.33575050
13.08114784
10.76097455
4.29774784
6.92121438
5.41498652
5.95668855
6.26228776
13.45567899
2.95808146
5.11388763
6.82729573
6.25490123
5.22638891
7.21474040
6.23445378
8.41007756
7.72245322
7.16551064
7.76731752
5.51838197
11.28337872
11.38003823
3.37829970
4.28046405
8.20805223
8.48592979
9.06849556
9.91537667
8.82738630
9.15068038
9.90363100
8.84583221
3.55745613
8.85223553
5.21114597
2.79499268
6.46239986
4.76178555
7.22527521
7.25672152
8.52103677
10.19217889
7.78927680
8.00695166
4.48755501
7.03667610
5.18774073
5.01240427
4.98207670
4.33988702
5.05291050
3.97966923
13.97453190
9.55714694
9.95972969
8.43626886
13.40299208
9.97390269
10.50254940
7.66724788
7.26561875
8.94840309
5.58146502
5.91446703
6.55797116
13.25174458
6.44260294
14.18865524
6.97778160
13.87047441
10.23940021
8.53846394
7.28203975
6.64392322
12.28019572
4.18481336
8.19552741
10.21188594
4.22803717
6.09109454
9.77204646
10.00888729
10.58977316
13.45451478
6.46363292
14.12268936
9.15108523
13.34094824
4.63303629
7.21608631
25.61701982
27.26763689
11.11560680
25.48819948
24.43466991
4.80802348
19.76899147
20.43391231
12.70933142
20.65516787
13.51387071
4.71248560
2.88722216
14.95727298
13.91138384
15.51374959
22.89549485
16.95191834
17.18400564
5.59173930
6.55073887
16.54933472
16.64372241
17.76355518
20.70829544
28.52834635
11.22377279
6.60071419
12.03410617
4.15831182
10.36111068
12.48084768
13.68669798
11.69813097
12.92443212
10.61267679
7.36238954
13.08165489
11.10542877
12.93643123
11.80379251
11.14775471
20.70422064
19.31477700
22.29828843
12.68368697
5.25100144
10.72205615
13.36547798
11.11889242
13.38191198
11.89994386
7.28019542
4.57656750
13.61221987
7.77547667
6.97488504
13.09142581
4.31437888
17.73202318
11.36383322
23.85582995
8.03113031
11.76480317
4.51954308
9.44647447
9.10725649
4.51309215
9.65389065
8.43715749
6.71984247
16.48186192
8.67807889
14.68275920
18.72475206
15.88536886
26.63044620
4.74659391
4.80479909
17.32859093
5.35340691
5.43414862
20.76823115
18.50277063
8.03038344
4.73477251
10.36229613
6.07345289
6.81865933
10.21585461
4.53329726
9.49906303
6.65375622
20.15701605
19.08889945
8.43947774
8.32866085
6.54451314
8.68433416
6.02662543
8.16124525
8.86242068
8.84787740
9.44122890
6.54264647
10.12908892
5.22117396
5.54209815
8.91378938
7.76487984
11.34051959
4.76158235
5.13389122
4.74457946
3.77067367
3.46855673
6.00532630
7.24616641
5.70439726
4.88759316
6.60125739
7.19334959
5.53030873
5.14796933
4.55063742
6.32017942
9.37368486
4.83438140
11.06263121
4.70991670
4.09255932
8.50999664
12.90461270
10.65732193
9.57104020
6.37734503
8.73410352
3.97757218
2.89208688
10.74740836
9.71541201
10.80108513
6.89897337
12.90593307
11.72978038
6.78288868
9.21013516
9.35722710
11.71710771
9.64146307
2.98303746
6.32313932
10.05715664
13.00603921
7.29698251
6.67654103
6.99491108
11.15005700
10.79389196
6.14645139
4.75099930
8.21360522
8.55520756
12.20839000
14.67307747
14.00304830
18.22755369
5.62317160
17.71410683
8.78213761
10.29901709
14.04795499
16.84256724
10.41571657
17.47355342
16.90160374
5.11549811
5.27230259
4.59727710
10.75403012
7.75689647
8.28887062
8.36452689
4.72994337
9.99939567
4.38475492
6.95918926
6.46392297
4.91694992
6.89516264
6.16656239
6.25720321
5.16640856
4.94381352
5.54696658
8.52010044
7.47151080
7.38690639
7.57310024
7.34350146
7.77606944
5.46163264
5.67648521
5.95797881
4.05809599
3.51605788
10.58898451
13.66558158
5.73182662
4.62331300
6.35606241
6.71935229
8.82818428
9.64217931
5.57615739
12.50193244
7.54720100
8.06857355
6.72569062
6.97820366
10.70621120
12.08514985
8.00698887
14.18245505
4.53590078
4.45140326
4.11086822
13.14244787
12.91923026
5.12150058
14.47546739
3.43557196
3.28087575
19.89797623
15.10946697
17.75020332
16.14890030
6.84105729
14.02861944
12.86003443
8.44560866
6.80779445
6.99794859
7.03146617
9.21678399
12.19981350
7.32693889
13.16932294
9.36372188
9.44604742
8.41463012
16.91056303
17.19482933
6.64673514
10.41938209
5.36270041
13.95009095
4.76802562
5.97695152
5.36766809
4.57453388
4.27095899
5.42342651
10.06380938
7.66772041
5.45483772
4.95599962
7.89334656
5.44506428
8.72820199
3.34809229
3.56338779
11.58022146
9.62490113
8.02422427
4.36332349
5.13708226
6.87578396
5.33630123
4.98484003
6.40062452
11.99925065
9.24196261
9.14721996
10.39459377
7.53662102
7.46990233
13.37366351
4.02030731
9.67350963
9.02430837
8.01204277
9.48142940
14.29051759
13.26041734
4.67610865
6.82627501
7.52021399
7.52015111
6.76367848
4.48463017
9.06761058
4.56746406
5.10562614
5.29465708
7.36295756
4.49305656
8.40825316
10.08452472
8.82271402
7.01556533
8.35893908
4.25667549
8.47336378
9.22953446
8.98427623
7.99559689
10.83309469
10.94974293
6.54149161
8.83425095
8.14541949
4.75614552
5.31233467
5.13507250
12.60946651
4.74199972
7.67729867
6.03079072
4.91810440
8.97168607
7.94893115
12.62593467
12.29476805
8.51839064
5.75287400
15.67241551
15.92319589
7.96462804
12.11296866
3.17694008
12.21823991
8.00299058
4.85954305
8.49852701
3.18228215
12.47761766
8.45931538
13.96389563
21.16680754
6.02562306
12.02751539
7.97263241
6.52434168
7.72249103
4.93377531
8.76368974
8.15171054
3.96533319
9.67290619
9.11682812
8.14727263
8.81383281
4.11227372
9.88014221
6.32776229
5.53233224
7.77863896
12.08073311
12.89643779
5.83995261
12.94331660
5.12578983
12.07140659
4.59259440
11.03218901
8.91799661
9.35830523
9.34288848
8.77416534
7.87826993
7.36445624
4.74710323
7.26175900
4.47435121
15.14949188
15.26084573
6.90791894
14.13696740
6.74432308
13.12558232
3.94678021
5.72126409
8.80621968
6.25644982
8.57181094
9.97741365
11.29376500
12.21135817
7.65417253
8.30361758
6.76088551
7.69692651
6.56788590
5.06433929
9.28810199
11.23624421
9.17696247
6.29583224
10.16142848
7.37895227
6.24532546
5.96612216
10.22734019
10.00345213
5.39561763
8.10094007
5.63364664
6.35788203
5.00465281
11.14379694
3.90201499
5.15745635
9.42811263
18.09651399
6.86763612
8.50434801
6.58473141
7.10732170
7.68979267
7.90658433
6.74067369
6.38203143
5.74513792
6.88423591
8.02171846
5.12313040
4.81263612
8.02498452
5.62923480
4.98278661
6.54964317
6.52615053
8.51145080
9.75420095
4.70824292
4.67246888
11.28977761
8.50272970
11.93536194
5.18405540
10.96939134
12.58652102
15.45221810
10.89625207
11.41773782
11.32735087
6.35054026
8.30994892
6.77876797
10.99140153
5.86895138
6.62192004
5.96732687
7.15548311
5.42621424
5.89980993
4.94077661
2.32767374
2.64960734
29.58565904
28.03341637
5.10754648
5.31369135
6.23977665
4.40324599
6.11392779
5.90231098
7.08650822
6.05938307
4.02912147
5.61875312
8.74245861
3.63943491
17.95246012
14.69920532
19.02598444
13.35317801
14.41764803
18.65825149
14.76768435
17.75820585
14.60443527
15.30086961
11.98763977
6.61542752
7.30691600
5.38663649
4.67544219
6.94760846
4.07264638
7.28644892
7.21213167
6.37971294
9.51467181
7.39700616
4.70553286
15.89741910
16.63888174
13.74922128
6.99766740
13.67639149
7.33660330
7.44972056
5.98538647
6.13427757
6.19968028
12.85782211
6.39119206
6.38680959
6.02062288
5.18892433
6.82109491
5.42793316
5.01637745
5.08805665
6.65328761
8.05365827
5.32451072
3.47812500
6.98454586
6.02393265
6.80298581
7.18442803
14.42300643
7.56520906
12.86094510
13.54433424
10.80325995
5.59343252
12.66694943
5.65289021
4.42885008
4.84594570
5.16108385
10.04516024
7.99246335
7.20626129
8.48446198
9.99647147
10.23269826
6.42471347
5.41526483
7.99520212
5.85140740
5.18955650
5.40358990
4.26513777
4.28425332
5.11815916
6.01000973
6.73770097
4.49131632
4.06762200
5.51418352
11.51646213
18.74232878
11.80881223
16.19860781
8.42511893
7.61602651
14.26671298
7.65722316
8.27481963
4.37841502
5.79344783
4.76217757
5.96406861
7.00076708
2.71101271
9.18791385
5.33987368
11.63083180
6.52839512
12.17328660
11.72741956
5.58199645
13.77569833
13.83290837
5.04280960
10.50176961
4.74962282
10.68767364
4.55380442
4.53426067
4.01456076
5.09759988
6.67223669
9.25123170
10.97645460
8.32306466
4.82849780
7.58396003
9.29372758
8.25907000
6.08321194
6.87714854
6.97861061
12.91074751
6.70976210
4.64042972
3.20549069
4.19004628
8.27385588
8.27065007
4.23933115
6.86860008
6.80794456
6.78392939
4.88915221
6.31450679
15.90753238
12.00629079
9.81883035
10.11137164
7.23445561
11.32374074
9.20098054
11.37338241
11.43582116
24.76275167
9.65105708
5.56577789
8.71808559
8.64512127
8.26129894
4.29344993
7.40624363
9.57112404
10.13769943
9.70403530
6.73283838
9.34974325
6.83530197
10.26631753
24.09731599
9.92627234
23.02415500
11.22932161
10.85190292
13.53440627
13.93432423
7.83113333
13.06516754
8.13465941
7.42677228
6.53977056
10.12403250
8.60564994
11.71326708
6.82447425
7.17045684
10.28258302
7.71958600
4.25494620
5.99288579
5.90391894
8.08426042
14.05976791
7.16183524
11.19349452
12.62858361
8.53993034
14.05014383
9.89103122
2.80746975
13.43581678
10.73296517
6.90270738
10.30220554
6.27421243
9.39575504
10.23875024
3.30576996
11.48634282
13.83551309
10.18749663
4.16863894
4.56972086
10.76804604
9.40038170
9.61240576
10.64759047
8.17226008
15.51085098
15.38084270
13.07697875
7.74674661
11.53110667
7.52121540
6.67342751
7.68964629
8.80382532
10.07988107
9.02789661
8.95919699
12.70034704
9.18058546
8.81233584
8.51394621
8.81962859
10.36269812
5.22956841
7.53637129
8.83557673
9.39875507
4.27327944
6.85459112
8.34511551
9.37707605
4.54930562
2.95186152
5.11701897
7.32517513
9.73824382
12.54855319
6.80840305
8.51155385
11.92414631
13.08403029
10.23211616
6.08657883
13.03248226
6.78655935
7.23271139
9.21695199
6.88955556
10.05473905
6.88696407
10.05575576
8.75454980
11.02572774
7.94070500
18.42507322
7.31386290
19.04359431
17.90409348
16.77690632
4.80478813
7.29995373
12.94756729
5.52788279
11.90864188
8.09137330
13.18109582
4.65722687
6.74662618
11.93622805
14.18033722
10.46285419
6.81382267
11.16660006
7.24683388
7.66831175
6.26660837
8.08874936
12.94592363
11.79328058
8.85921273
9.98316014
11.00973348
11.36119776
12.04729779
12.80075294
17.96008179
5.92402033
17.77488616
13.67551011
18.67834688
8.78723469
4.40950835
4.41819245
13.45393300
12.91122522
9.03678331
13.23757168
8.36464409
3.53916884
8.80491796
6.81075526
4.09984226
12.82062698
12.03044392
8.47460545
3.64140015
6.65494777
7.30918499
2.79934921
6.04913609
7.76436600
7.29309886
7.53460106
6.68387491
5.91402141
6.63624176
7.49083055
6.44848008
3.56725885
7.04476303
6.61392609
5.27546939
12.32039580
10.63104644
15.25814124
17.18411252
12.19418551
13.42903584
19.28293088
4.43941172
14.64285726
14.06428864
14.82981425
13.11406110
17.09860812
13.33329790
16.90500490
8.82322848
8.61824641
7.18366660
8.50175882
6.01640355
8.68448698
8.54667590
8.17502424
9.67264596
8.31837262
9.43910793
8.66636903
4.19486478
8.40391990
6.45134882
4.46742133
7.96336071
8.31932379
8.34883651
8.45160481
7.91232554
2.45699106
2.55401080
7.39969960
7.70166171
6.59701131
4.80764167
4.55799668
6.02973335
4.87942565
5.14109282
3.40661342
5.69911287
6.85734281
5.96446915
5.78708649
5.75900900
5.42838137
4.01632348
3.72083779
4.38402408
6.61964571
4.69592806
5.32684825
5.36215924
4.50727204
5.55216078
4.27434962
4.63399937
5.05457679
6.62577738
3.91944430
5.42258184
8.98063106
5.38266346
9.13675832
8.53521629
12.13556419
4.26558379
11.31507513
9.22127534
9.96707155
8.44848536
5.89052687
8.82625511
5.57171182
5.47112171
8.78597173
8.48425027
3.64617795
13.59968086
7.15189126
11.91750323
14.08448546
9.09994568
2.07593173
6.73220176
9.21493180
8.02812304
7.86431229
5.44900591
6.52193000
12.06633978
3.82067137
6.14025345
5.40657205
6.34351645
7.04378188
5.62481787
7.33271501
8.72120581
6.90021243
5.58733576
7.62645604
7.34493885
10.66208765
15.24744817
13.98308861
14.01579846
10.71202407
9.72809869
4.85022352
2.46082338
6.32690660
6.48710422
6.52327831
6.91707329
10.19837335
6.22782020
7.73409713
9.47395708
8.40470302
15.93381770
15.02729853
6.59873082
8.95495524
12.05540252
18.65365415
6.86418354
7.08389414
12.77747812
6.22270757
4.23326133
16.12997810
4.27796925
7.99704751
3.55072555
5.82322547
6.05194788
8.80988541
8.08195550
13.54793041
13.79852376
7.88215099
7.33269414
7.58276437
8.53557466
8.69708113
12.03646551
8.45908395
7.85454968
13.09415267
7.96201299
6.95723809
6.52093370
8.08078854
5.87910626
9.29689258
6.38212953
7.61656084
8.84218375
12.51412316
6.02640714
7.01535546
11.88937072
13.21189650
6.97548650
14.17947183
9.88778166
9.65935230
13.96261268
4.45473395
6.65915622
7.42206576
9.81300504
4.79502020
15.76504486
11.91860640
8.59983793
5.65487409
4.73128342
4.19151438
15.57169286
7.72922090
8.77759125
8.63061896
6.32671376
2.03060852
12.64424387
12.03400067
9.06852086
7.50845065
9.48234986
6.39989254
5.19138347
5.24434779
3.17622659
3.81355864
5.79333752
7.46586798
17.64042233
10.97814399
8.37877340
6.99336145
6.03075376
6.26328868
12.42332279
11.75985397
22.25767137
15.12894731
4.13300501
7.84115006
4.93679249
5.98546732
8.08994402
11.84025102
11.35522369
4.77634660
8.49778301
8.54183263
6.94891037
10.07323541
9.59835764
15.85205392
12.00590782
8.59224158
8.69170950
12.06401858
15.53352821
7.07604238
10.27758438
11.34083217
7.62328535
7.26640692
9.83980114
5.82322520
3.32881951
11.01918530
4.05462465
4.18292924
4.32586023
3.59847008
14.01958552
9.50765243
2.10607952
4.11230802
8.66158166
6.14501213
6.42394522
5.87573352
4.83130681
4.59930661
15.14234242
16.78842473
5.81198506
15.85714652
5.19894180
14.24769729
5.04814470
18.74173068
5.39313924
16.87932156
4.93587189
10.50232334
10.79178546
14.79732281
14.29545822
15.28047267
13.73569222
14.34218101
15.62137382
8.01586313
8.13741574
8.06861208
7.50477068
6.87414631
6.71208283
6.96115647
8.26508398
9.24830786
7.75060575
6.27329912
6.69515401
7.79635626
9.02271234
4.34684738
6.82945971
6.05011159
9.63525244
13.24062484
11.24065419
10.70013742
9.43894779
2.64031405
3.54424507
5.07113264
6.86337748
5.10148574
7.27181201
5.24058877
13.81326484
14.89267363
5.62367774
8.18970288
8.08202569
7.52422667
9.52608508
7.69934139
6.38004901
9.65580169
9.25076033
9.83727078
10.10743061
7.59568293
7.39302941
6.97041013
10.79620526
13.08984702
7.09722742
4.74220247
11.83632251
6.51424077
8.28709182
7.79721283
8.52261345
8.31372174
10.12253303
12.23840569
8.34774496
7.14222442
8.40306667
4.46791850
3.22475853
5.33867140
16.63806671
16.85005850
14.04474524
17.98361698
4.95695417
16.67493067
12.38816703
15.96642703
12.27573852
7.15134949
4.27033410
3.59934289
3.84049242
9.58880849
13.85446296
7.07432330
17.94898800
5.51519905
5.57622814
8.10465350
4.52279133
12.44266909
5.91085597
4.76308329
4.71791065
4.66576482
3.46139566
4.81043513
4.22497824
2.96543342
4.54062290
9.78718570
4.60767590
10.65216899
7.09400497
7.01333540
9.07297522
3.43790088
10.06279642
6.13048412
3.67073646
9.01590614
5.76149267
7.62560663
6.87817284
14.66471621
5.36927595
7.86172884
6.99347225
5.67147654
6.30035376
5.97650080
5.92942003
10.27607291
6.62532007
7.23191856
8.82997328
4.20886661
7.36212640
6.93854791
6.45547756
12.25831771
6.60907894
14.45372391
17.37973281
16.03278360
16.18357360
2.41534898
14.62779984
3.57457062
7.60713623
11.36717190
4.11089443
4.41205062
8.05230109
11.04601463
14.34274398
11.12793085
12.97772203
15.40742202
16.93486872
19.55431413
15.21046182
14.06074438
17.16097888
12.53696945
9.16208568
12.35915068
5.83886461
26.03863715
23.58602786
8.39309969
8.30946602
9.97555183
6.88463337
8.27955085
8.35021417
5.81038228
6.92690656
9.03558411
5.04081692
4.60262613
5.85971491
4.94433333
7.58597215
5.42638874
8.44687682
7.67320889
7.38842840
6.80539312
7.50450722
5.04214537
3.02648198
5.08503894
5.16241040
5.38904060
4.59229684
4.48175082
4.01239125
2.62955122
3.76790139
8.00047084
17.91714967
17.79847554
21.38906193
20.51209341
17.46471012
7.61005338
6.41260003
16.75223496
17.12265408
4.62913872
11.62832546
6.05279189
12.08191814
1.76964925
1.61672279
3.12162320
15.52584358
17.74986114
5.47365636
5.53887440
3.88446999
4.83832159
4.92773858
3.41361438
5.34562862
5.48827744
8.16729381
12.53895950
10.55037034
6.56703694
7.31734890
4.79468982
6.16386145
11.24050774
9.80035532
17.03991700
14.75836018
4.53968561
4.70396682
5.01500921
5.55873951
6.87376066
7.29977112
7.53498448
5.04367184
5.60862408
20.14034016
8.89538115
5.26246649
5.61760570
5.59766380
8.52522787
9.66159231
5.66315736
9.53667465
4.91762493
5.64902352
8.74040937
8.94588792
8.32208623
8.49348308
5.90384587
6.83773679
4.68795007
7.09315607
4.32370476
6.14009909
6.66851267
13.02285252
12.85352207
13.16697727
7.46841933
5.45549837
12.50866819
17.40020215
6.02782341
9.93670858
10.34762344
9.46484992
7.65202475
12.80842762
8.59424525
9.20725427
7.11230531
3.97788582
5.20092979
6.84111428
3.20820893
22.50979690
16.98417093
26.21235311
27.13875582
26.33882805
24.51652426
4.53802252
6.54052269
18.76366680
5.80545789
5.01094374
7.08392404
4.97866836
7.93007363
5.89809701
6.70978685
5.78669687
6.86513284
14.79479196
15.33215375
9.74559393
14.50849584
14.40541144
13.92321698
8.78454436
5.90653472
7.99939179
11.18973207
13.61853956
16.06569071
9.35631181
6.25887864
5.93874168
3.26092773
3.79572615
4.59517802
4.23300928
4.83847934
5.50337021
2.41774940
5.21229314
2.68596413
6.06223724
6.24908660
5.05716641
17.97643430
20.97424716
3.37720565
3.61205387
5.97597091
5.35984641
2.57822408
4.16994625
5.42285555
6.70014044
3.78211130
4.87237859
5.45697478
4.55550264
8.55838339
4.09116006
13.19545138
14.36182425
6.53115519
9.07282329
6.56280721
8.12565469
7.04457463
19.83158445
6.55840589
4.18643577
5.40331527
4.25970651
6.17732868
4.41822604
7.20830565
4.66683700
15.99899371
12.43564475
12.34362244
12.22408550
6.64115224
11.44416381
9.76596591
13.55278144
12.79117573
4.91498356
7.80544514
8.72382511
5.13450814
6.05520747
12.95812391
9.41292301
7.12994533
14.74734122
6.40775923
6.40037957
5.17063699
6.03161074
4.54185293
6.28872067
5.48851132
5.04876357
2.87912815
4.69819461
4.37448062
5.01162679
4.79522630
5.48941518
5.24576813
3.35797787
8.36319745
5.90633272
4.30593691
4.04814541
9.46042368
4.44672703
7.13599916
6.02170005
6.96576853
5.18714423
4.70556075
3.37454982
7.28034692
4.19712421
8.31239590
5.41556604
4.70489356
4.97867488
7.23938790
8.40988641
6.64364992
14.49781891
8.11171361
14.19426202
5.12303570
5.73185598
9.02627540
10.20374395
6.87596531
7.06923190
5.34447315
5.53990451
4.91405867
8.81947653
9.98062408
8.66242322
8.16709648
3.33846622
6.50023700
3.79750840
5.57059414
4.00012567
6.69795587
4.86791185
6.32036068
12.27130642
15.88443019
7.85032336
7.29812744
11.91043550
5.63412378
8.13226371
16.06977494
5.38505889
8.00454408
5.77529410
4.74865760
6.87113261
6.77073521
4.23086073
4.68990357
5.90111817
7.22160455
8.84458838
5.67669723
6.22674032
5.11283723
8.22296311
6.03632286
5.84388742
4.80347969
5.47197749
5.73266804
5.90998814
3.10849572
4.87129204
4.50746812
5.99188341
8.25089599
7.84976911
9.46999713
7.04037914
6.97133372
4.02007788
10.37837388
9.43079326
5.18437179
9.78221461
6.69601369
6.93364555
7.18587711
6.22287921
8.28193287
8.09186539
9.96847096
8.37148916
6.03527323
3.62703526
10.52361646
7.10998203
6.89130113
7.60018994
7.74528619
11.72829692
16.54694276
12.49179127
6.89408436
8.80887449
12.81865784
6.61184328
6.58935611
7.12595777
7.09914008
6.55936326
7.20515128
6.70121042
6.45755989
10.25906183
7.83976986
9.37465006
11.36736460
1.93914463
10.19735436
4.51637606
5.73191925
6.71712677
2.33626514
6.27694076
1.87675408
5.65399659
3.10609576
9.11118714
4.16038583
3.99748622
3.72631197
9.27809455
11.92651549
7.70472227
2.94289693
3.87649866
7.88906443
4.95444669
7.75617411
6.36396552
5.60478294
6.28032256
4.72315895
7.51372518
3.15039351
4.87286482
2.10712707
2.22003906
5.41713346
4.83045068
4.78540897
2.95686279
4.19623968
9.06844314
6.46519854
7.43725407
3.74693023
6.81114628
4.86336922
5.36385030
3.55473501
3.55266591
6.54434157
6.88704033
12.54202321
23.52016826
10.97173439
4.41791742
7.20530409
9.45745106
22.47775517
24.30839920
22.63854751
24.17067104
21.77966941
20.92123287
22.16206044
19.29265854
19.93431491
9.98037702
17.77972604
25.22140530
21.11858126
22.20890060
7.79685348
16.82886715
21.31819823
21.03922202
19.80413415
9.34748095
8.44534613
9.43051940
15.27851415
8.42785873
5.55106011
5.73860836
6.16311902
11.76346890
11.52855949
7.31241470
3.42917917
6.30348336
7.09585958
4.08449335
2.95720396
6.77078937
7.27173978
7.05413776
10.84736391
7.04418326
5.12358319
5.97082892
5.09464971
3.93475886
5.16719911
11.19593163
11.22186406
4.57726406
4.52181122
17.62626040
15.51937745
17.68643597
19.39788123
18.94740778
15.33038365
15.77008058
18.38253070
13.85327068
4.39958951
13.61647128
11.77765485
14.51461989
7.35503375
8.11494899
10.26216490
7.85574204
6.11180485
8.93669160
7.92920603
9.29532469
7.96192096
5.40855131
9.40532159
6.78123605
9.14106689
7.57224921
7.59447436
7.61609169
8.64761621
12.19889626
5.44625983
8.26877977
6.59062064
4.73025009
5.79098043
6.36783004
4.09234412
7.81650285
3.36465596
6.68527443
6.50851335
14.43616653
9.84220212
10.69517305
3.82383734
4.03209215
5.69155783
6.55325752
4.57671492
5.73391752
5.35740395
6.19538629
6.50815295
6.07727222
4.87257141
2.91314400
3.99695003
12.41434884
5.04745626
3.78467596
4.99236161
3.03956044
11.00013396
1.93292270
4.38989079
5.41321205
4.45249402
5.60867442
3.39780595
6.04342702
6.54412141
4.56247560
4.54259833
6.00326256
7.95064917
9.62153615
4.51572597
3.09954640
8.62049247
3.19993508
6.32761891
2.67366117
3.64119448
4.85814395
3.14686866
2.74460486
2.78584055
4.24498936
8.43293256
8.83642180
3.37242926
4.23091137
4.98433641
8.56698202
5.29671176
6.99950624
4.23237900
4.27807149
4.74524680
4.68102635
3.18563608
2.61178186
2.18077460
3.03245303
3.73343040
4.85862621
3.92442043
4.68552695
4.55828790
5.10775231
5.25311738
5.10008846
8.50506493
6.88407895
6.49039692
6.70415302
6.29889213
3.41374668
6.84122546
6.63353428
8.17205396
5.55723888
2.63136425
6.68995989
9.49328032
9.71360524
8.45851849
9.42758652
7.76957206
9.66530892
6.71424080
5.36352440
5.38747494
7.35937952
4.99436483
7.85188323
6.67233069
8.42051376
6.32422595
6.70001147
6.68817143
7.35726802
5.96335728
7.06846708
7.00777275
6.43143291
4.18163627
4.61165910
8.32524483
3.69958393
7.49470273
6.86725620
13.64243635
8.24861345
7.15212687
7.51020308
8.09017541
8.90473503
8.40934753
6.03038627
5.52042983
4.95662984
12.42088943
6.76941919
13.64667669
7.96162213
5.63157892
13.58124035
6.53630676
6.11307971
11.07690026
12.27618289
13.32694119
16.93544354
11.07478263
3.29365595
12.84790194
6.09217280
5.75171737
13.08152107
13.34162770
12.81061238
11.81235680
9.20309717
4.99292254
3.59774920
11.89841628
10.28679931
12.56554492
6.50260353
6.66312742
8.38333634
6.08466570
11.96368569
6.48484920
12.36604959
4.55440331
17.61198114
16.11543062
2.82368584
13.38770431
4.10063899
5.21869507
10.11701159
6.24917177
12.73421496
13.12584250
11.14473757
8.50310042
8.61269019
4.98987080
11.10433516
6.61641752
3.94267205
10.68613407
4.14388030
4.02768580
3.59797870
6.63158555
3.88442355
4.89807390
5.33318670
5.33914686
4.97316752
7.57652171
4.87946467
5.82886164
4.82184680
4.98304240
4.43004591
6.65807387
6.22560197
4.04698137
2.73443740
4.77640815
4.36393915
3.72684338
4.26412038
4.62067693
2.45513933
2.73196099
4.90240333
3.37631963
3.16755875
10.35628540
6.80191579
7.30669414
8.81666226
6.77403164
8.50465858
6.86597717
4.58514267
4.48310417
9.94240366
9.01547299
5.48770161
6.80153913
9.20025209
7.04145375
9.21389027
10.79725764
4.07668457
6.88370055
3.73116269
5.21812372
5.05335270
3.08793727
4.25037601
11.87210532
7.04644375
7.04154378
6.65578814
6.11537383
7.17134838
10.12866512
12.03090756
11.85198016
9.47914702
6.49147864
13.51530915
4.93977123
6.57510811
6.99730970
6.47340627
9.83112031
5.56752525
9.54111164
4.73710967
7.02023133
6.69553581
7.16448820
11.76336664
9.24926463
8.80737038
19.50215165
18.92533038
6.40081147
9.01684556
6.29078897
11.55665045
4.57642067
5.15214479
9.07327372
8.04384858
8.91589694
6.03631885
5.46775964
7.45423695
7.48849063
8.90748244
11.61130544
5.83761376
6.82595314
6.82582512
15.36408003
7.10431189
6.78327006
8.12589708
8.13870441
5.79525939
5.29158835
10.19614638
3.44026814
6.67725733
6.21060317
7.39304147
4.15173124
4.54911053
5.41973702
6.68617793
11.18681697
3.65373283
4.50675342
7.11277661
4.94001208
3.79350880
3.87296165
13.60148997
12.42844714
3.65329195
13.45191088
11.98393122
9.20306333
13.82320247
13.16774160
13.08066944
4.83504639
13.49702715
2.71682485
10.20176733
12.42414628
6.79284781
10.74030465
11.41597055
14.15786153
3.06149282
11.45740743
5.41760013
7.75320153
2.76093880
6.98556481
8.84044553
6.91031611
3.49910924
6.49982604
6.74810661
8.07529698
7.60624671
6.18365203
6.22178563
8.10620359
6.44387018
8.02084658
7.78081505
7.49907801
10.04675660
6.40941608
19.02205173
10.74271728
7.81951876
7.64223644
7.62469391
7.42317601
7.03614558
7.13827074
9.42895184
6.30760533
10.55244516
5.87374047
7.35470826
4.31718951
5.03252367
4.92470517
10.30032476
9.76529133
6.24696948
10.71350524
11.43555095
8.66081473
9.04852068
13.29861020
10.45884495
5.57602500
10.98304788
9.41105837
8.61856763
8.35474651
7.08363803
7.97914634
6.33515008
8.47437108
4.64698776
5.12751889
6.99240500
7.79678015
6.49484448
7.04027928
8.05903668
4.77365213
7.68700288
11.25815578
6.76095588
4.12214644
1.58802674
12.54647274
4.78365725
5.36608882
8.76967191
17.47414908
10.24325270
14.22582598
13.47106151
14.84963756
7.45354712
8.96788904
5.37078268
12.43470397
7.03655052
6.08023789
6.59174794
5.00975934
6.77503538
6.29930866
3.81429885
7.92397222
9.05798711
6.07121167
5.10486360
5.27112528
5.30819850
5.54532596
5.23054511
11.57244450
13.57037070
10.73543558
8.24836116
6.32140316
13.04097287
7.96360378
7.38542300
9.18217772
11.72600792
9.69834598
7.92959630
2.70993452
3.79202391
11.56046516
8.73575873
8.42307870
12.66163344
8.83305338
17.13185201
3.92596405
9.72249998
25.63462433
25.43610169
4.61605999
6.14451501
11.64958088
8.12477101
20.02751708
9.29242665
4.41933082
4.94993874
12.41916544
12.09734433
16.91868985
19.56653723
6.00522743
4.94664214
5.36705515
8.26931409
12.92154060
8.61680207
5.49062733
20.14161555
14.63387546
4.65603708
16.99057476
14.85549050
14.26642082
4.51466758
9.42125261
14.75265938
3.15859301
8.23075863
7.91992002
10.38050885
12.62533612
15.19741262
6.77503704
6.50236965
6.64781977
7.20294036
7.04127064
5.96265110
10.14535155
5.22649192
6.42018159
8.13407115
5.46714503
4.55488820
6.79022263
5.44426252
10.96664781
4.95841512
14.86980534
13.05925688
15.27991153
4.83607224
4.10294814
7.25775906
7.35488978
11.53078560
7.99895959
8.91300856
5.24154624
8.17799392
7.03002902
8.99311696
6.19215219
15.79168779
14.33044127
14.15489685
14.74005555
9.96630295
2.82204197
5.14591537
5.17795602
7.12671973
10.15648462
8.58694640
4.28652805
7.05575126
7.33082622
7.81283821
6.95040357
12.57189380
8.23596580
5.64957983
8.19673772
7.70687777
4.36074777
7.31850220
7.61988914
7.23066157
7.01968043
7.57042304
6.97208134
8.96488415
3.20437937
4.96273910
7.12370731
6.88661437
9.02471216
5.62316356
8.60331239
8.06796624
8.34370778
6.47431891
3.56420540
6.70525292
2.68696027
14.83424315
14.03508582
5.54780795
15.53537467
6.61218488
6.34631483
6.92633340
12.01555993
11.27949305
7.38285740
7.15725470
4.38051893
3.20715940
6.23417348
13.23876708
7.96309314
11.40669652
14.93786075
8.11686298
11.68971600
5.93522196
20.22767865
8.22237234
8.59696346
7.55867371
8.81080069
8.15281180
8.42801220
6.92286906
6.29074778
7.13317366
11.68162075
11.07038893
12.42171600
13.43215176
13.63025376
8.04264361
9.03702354
15.25818668
10.40646805
10.45359446
5.71950210
14.33484657
14.26777539
19.60934243
12.65907058
12.21750461
14.08715004
10.13880380
4.69383565
3.59697022
5.14567080
6.22229779
5.01805290
6.47348384
7.41230574
5.89937695
7.62640074
4.91943798
8.59911045
7.70476083
10.80122039
14.68402171
6.50709764
5.34637904
6.42906985
4.76249394
4.44819178
5.04184744
8.99142799
10.48980551
11.46144527
10.13995573
7.08104143
8.75629797
11.09587464
11.87815255
11.13389984
15.88486859
6.65624578
8.02121974
5.09001000
13.62642593
5.16082292
7.34310140
7.80106591
6.86673291
8.43425333
7.35810790
9.64618995
13.05972516
9.09809768
9.56672104
6.42011217
13.70123757
11.29398426
9.88071231
15.09736876
8.62285541
13.23841030
13.60616341
9.02109473
7.28087786
6.28036184
5.42708693
8.89205773
6.89515232
4.10022552
7.69645950
6.78048851
6.58286236
6.47616853
5.53062658
6.58733813
11.69617783
12.42166613
16.08342432
6.81462154
5.59133456
5.89304182
3.92085412
6.71993509
4.05241370
7.00486241
7.09643675
3.08730331
6.66499477
4.56254247
7.42757660
7.36225810
7.09810571
5.06425454
7.91896373
6.82783406
22.57064251
4.53912534
6.42972206
11.14534545
5.10899204
9.43061606
9.02790929
6.53644850
4.64857261
8.04876533
5.66674292
6.36783817
13.10304668
9.54057116
10.43499435
4.31291460
5.13988824
15.94070217
19.30090533
21.72994782
23.65583733
6.56826409
11.35114445
6.95296021
5.65459379
3.40100116
6.48244490
4.80605871
6.28579852
4.94079412
5.02700699
11.78760987
11.30229225
5.17514726
6.82291590
11.35955432
8.00255600
6.48620255
9.50151768
7.28720016
8.64199361
5.40073552
9.88959460
5.52838796
7.89849480
7.72062664
8.41447428
9.38931647
14.56291210
7.46580265
18.53350023
15.60096216
15.38307954
20.62945313
15.11394811
8.73900209
17.52429892
13.71123701
18.04046713
9.05380635
8.40764532
9.09474127
7.61799706
5.05747309
8.50834374
4.69650523
5.77738903
6.08485100
8.34158316
8.13471981
3.92445575
11.88044284
9.53517712
9.94825487
10.41201249
10.86304688
10.21716425
9.74372953
7.29184892
8.42616950
7.40729483
13.83511015
6.48092419
8.78646756
7.09741875
10.09520733
8.85108028
9.72883994
8.24796784
9.24496253
12.84289957
9.92672651
9.27950750
9.14716606
7.60865968
7.80367944
11.60577664
6.36363600
10.81462581
8.19792163
8.80758684
7.04561270
7.56839385
7.36367681
8.74369631
8.78663216
8.18859398
7.99411471
8.79206221
8.66328773
8.38964344
9.16294263
10.70160196
8.49458793
6.84262644
6.98078688
5.37766992
7.44354396
6.68082323
10.64526396
9.71378597
3.81786228
7.06700204
9.00542318
6.76089839
4.54241837
12.01107425
8.94734199
11.73883614
9.15612804
1.46724008
7.89126540
8.58776337
8.02835457
8.06935200
8.05654885
7.25614615
10.93292906
16.91977867
12.96346292
15.84789038
14.27871724
19.02899713
16.35969165
17.67839863
6.21022752
8.65057202
6.56412497
6.93222545
6.80029602
6.85035481
6.44754226
8.19822376
6.27268054
6.80663633
7.41167691
5.01513164
6.80298746
6.80458006
4.60540711
7.85386004
5.70439512
7.19224565
7.18716843
6.70453298
12.23455720
7.96573534
7.94480110
7.54584862
10.80467801
8.10468951
7.85378220
10.19220044
7.37054051
6.92356627
10.16148012
18.00162392
16.00095350
18.98203790
8.13923364
15.73713941
15.94054573
16.86677665
6.92913452
8.57952837
15.82328461
15.84116293
5.38686526
14.52873949
3.58913495
5.70237365
6.18860251
6.85782706
16.40875817
12.92273202
5.64347244
10.63113516
6.14428941
5.89600716
12.92544646
5.33206271
17.07941171
16.58146794
15.85038213
19.25893743
5.00821373
5.37316191
4.72689599
5.57494335
5.34461699
6.49035539
6.12474945
21.00517066
7.18036615
2.24442630
4.77918302
9.30318654
3.29677675
5.81990351
4.72617421
3.33749399
6.51742057
5.24326556
6.00630310
8.28589607
6.41051867
4.39159751
4.94312658
5.12401196
5.51955729
7.12293084
7.72128749
7.43082890
9.01176618
5.50591156
7.05146267
3.10252103
6.65893369
14.15940279
5.34760568
14.56766093
4.13716371
8.68684355
6.69131336
7.77578399
8.26391089
16.26787740
18.71122214
15.14268898
17.54651235
16.00251374
16.65297153
20.40182637
18.91076999
17.37289956
7.05069148
14.96113709
7.65999857
7.20403699
6.55355614
7.93413107
7.33947820
7.62256239
6.12562765
6.90829477
7.29141836
3.99764992
5.99002675
3.63284123
15.33398611
6.62612848
4.79154212
7.12199134
8.21197341
6.29927903
23.36067318
20.16395663
6.55981143
19.47329112
10.69766363
6.79068675
5.29617652
6.77715854
5.31565522
6.84768102
4.89770367
7.58027900
6.41466220
6.89903479
10.40436215
8.95982789
2.30084456
1.95671948
13.38454568
18.28078940
20.51738874
7.33609269
6.84281237
9.10369550
21.50568153
10.41956739
10.74424458
6.61521204
9.03838437
13.60954990
5.92845944
9.33429126
5.33692539
9.14353368
8.04893040
8.85482189
7.60238493
8.78692996
9.29345016
5.04751557
4.47975289
7.14814533
12.67174982
12.77364276
13.53207060
4.70234135
3.10746273
19.37112729
18.79888966
7.92005981
13.99261821
9.34426236
5.75715128
5.62651761
7.25628500
7.36127203
12.09054406
7.72205680
6.14651425
8.54121139
8.61551608
13.30732816
7.31866118
16.10435811
9.47979821
12.57936325
9.55078071
8.34533705
7.86078270
5.79444631
3.42678712
12.71670346
3.25583621
15.15616486
15.10833304
4.18926426
16.59442750
3.85488802
10.28861261
4.26994223
2.87549400
4.62916640
17.48209810
3.81616164
17.26599817
16.40085333
6.28889942
6.33388696
7.94752003
6.61258670
6.68355334
2.93061030
13.06940189
7.20953500
16.09751694
23.00228212
8.14984107
14.55653628
29.84694829
25.27709260
27.33022573
29.10567333
20.31516332
6.95697727
8.84358988
8.40000228
10.04871439
14.12165306
6.81117655
12.96999842
6.02811775
6.70376770
7.08941179
4.47998242
4.74924719
7.05492243
4.70402185
23.13051151
16.65125542
7.35164080
3.74018777
5.22888085
11.73960223
12.38328721
9.92561125
7.94906821
9.06715270
10.12221104
6.77794707
5.32696391
13.69893673
5.18352889
5.39939061
5.59072942
5.46900241
15.77629336
7.54562197
5.50767548
5.37533279
3.75865800
14.82504827
29.89170037
26.66163199
31.03071592
10.15787169
9.13644668
8.05980850
8.60599790
20.76529067
12.05743972
7.66444994
16.35404390
8.87388282
8.48109299
20.42392086
16.32153350
6.73057633
16.12280877
2.12875654
2.47448686
2.87237046
6.56069182
8.97064457
13.69907644
4.36289951
2.20038100
8.93004571
7.62266917
5.44392077
6.17909334
5.87682910
4.21898768
6.91844889
8.48459423
6.81195156
8.49204473
3.82658393
5.59704981
11.16427450
8.19605793
4.52013188
8.91707784
11.52925512
14.51612641
8.71362925
7.92379165
7.45815545
8.07164561
4.61835079
6.02527138
5.89612009
14.16972840
13.47724669
2.31431273
2.18921743
9.73577738
9.07117903
17.81222103
10.15023007
16.15581497
5.77802526
8.32455690
24.06114217
10.11599262
8.87962857
8.54609094
14.18803520
9.92950764
9.27195096
4.63276325
13.67931824
13.65171934
15.34562327
12.96077490
15.72992148
5.40955640
6.13364362
8.53238617
7.03955358
5.39609675
6.84190475
5.34733707
20.21333204
4.64681619
4.27044554
11.68536210
19.34281920
9.72907671
4.69999753
5.91633192
7.11815747
1.28857972
9.84015189
5.59167733
2.67464326
19.59779390
20.04296351
8.01470779
7.98425836
5.17041911
6.41552532
9.82403873
7.44734411
6.73304244
6.72371899
5.43569401
7.39983704
6.04008341
7.03465795
7.83439559
9.36543590
7.32347664
12.05117780
9.08707917
7.29417357
19.91620107
8.17156106
17.02140478
9.14860208
10.04941410
20.90126552
19.97096230
17.30840842
13.39018075
8.67144962
18.27478437
4.95895835
10.44742124
11.87410572
7.51881446
20.07116809
9.75355637
12.53653313
15.41277771
12.71262199
14.53115761
12.21430964
11.24516609
12.66442994
9.05666565
7.79374701
6.92275763
7.47302918
14.35305872
3.95935096
12.10266136
16.03106584
14.48116646
6.50195709
19.38948888
15.23581439
9.67481568
5.76215225
7.21023638
5.40206468
7.54552909
22.62184772
16.47721948
6.87873310
7.07404631
5.30387065
13.78767889
7.60854285
6.94800062
8.95626008
8.13642614
4.36025190
8.95500165
8.73936337
7.28387125
1.15282222
2.22240728
1.63981732
1.28777399
6.32009593
7.22581287
9.43468215
12.65549800
7.29032326
8.11955158
26.33064734
5.27131990
5.04619057
5.82050586
19.98260376
18.62632549
11.48674696
17.75224386
10.96041977
7.51443967
4.07663248
6.97056767
10.80918017
5.55042000
10.94955663
4.47967715
6.30437855
7.04217240
3.40662037
8.78108826
3.96933355
6.46381058
3.11253598
4.98423775
13.87125899
14.89421811
6.38888343
3.87665115
7.32917867
7.16873720
21.90698294
13.73326485
10.54996324
14.01047869
14.11562334
6.79297232
12.32029058
6.52417362
9.24993713
8.27270906
5.41838120
9.91158735
4.79548537
6.97051526
5.21932471
9.16023547
8.81783425
8.55832456
12.84026537
8.80018145
4.49401489
11.94714650
9.54550253
10.75438662
5.15155074
6.61770269
8.06808927
8.54425702
3.67379906
10.37920474
3.91435825
6.56482572
7.43894237
10.59644298
11.36976065
4.68961780
4.94698855
5.32634117
6.26106700
6.30083509
7.16311552
6.01522111
5.31027060
7.88495669
19.93167136
6.90414896
6.16607774
8.66610729
16.62879946
13.30029409
5.66694146
4.44131507
5.40261212
8.86308038
3.90867473
8.84017688
